

----------------------------------------------------
STRUCTURE by Pritchard, Stephens and Donnelly (2000)
     and Falush, Stephens and Pritchard (2003)
       Code by Pritchard, Falush and Hubisz
             Version 2.3.4 (Jul 2012)
----------------------------------------------------



Command line arguments:   bin\structure -m C:\Users\eschumacher\Documents\GitHub\USBGHybridAcornsREU2023\Analysis\STRUCTURE\All_Loci\UHA_all_loci_nopop\200-200\mainparams -e C:\Users\eschumacher\Documents\GitHub\USBGHybridAcornsREU2023\Analysis\STRUCTURE\All_Loci\UHA_all_loci_nopop\200-200\extraparams 
Input File:    C:\Users\eschumacher\Documents\GitHub\USBGHybridAcornsREU2023\Analysis\STRUCTURE\All_Loci\UHA_all_loci_nopop\project_data

Run parameters:
   417 individuals
   13 loci
   10 populations assumed
   200000 Burn-in period
   200000 Reps


--------------------------------------------
Overall proportion of membership of the
sample in each of the 10 clusters

Inferred Clusters
  1      2      3      4      5      6      7      8      9     10    
0.077  0.077  0.086  0.018  0.207  0.177  0.060  0.210  0.055  0.033  

--------------------------------------------

Allele-freq. divergence among pops (Net nucleotide distance),
computed using point estimates of P.

      1       2       3       4       5       6       7       8       9      10      
 1      -    0.0350  0.0388  0.1580  0.2106  0.1973  0.0392  0.1789  0.1258  0.0647  
 2   0.0350     -    0.0294  0.1303  0.1860  0.1820  0.0423  0.1916  0.1146  0.0664  
 3   0.0388  0.0294     -    0.1450  0.1930  0.1836  0.0348  0.1946  0.1201  0.0708  
 4   0.1580  0.1303  0.1450     -    0.2254  0.1856  0.1462  0.2320  0.1838  0.1147  
 5   0.2106  0.1860  0.1930  0.2254     -    0.2098  0.2213  0.0884  0.2207  0.1448  
 6   0.1973  0.1820  0.1836  0.1856  0.2098     -    0.1949  0.2008  0.1840  0.1306  
 7   0.0392  0.0423  0.0348  0.1462  0.2213  0.1949     -    0.1788  0.1179  0.0766  
 8   0.1789  0.1916  0.1946  0.2320  0.0884  0.2008  0.1788     -    0.2004  0.1322  
 9   0.1258  0.1146  0.1201  0.1838  0.2207  0.1840  0.1179  0.2004     -    0.0778  
10   0.0647  0.0664  0.0708  0.1147  0.1448  0.1306  0.0766  0.1322  0.0778     -    

Average distances (expected heterozygosity) between individuals in same cluster:
cluster  1  : 0.6801 
cluster  2  : 0.7007 
cluster  3  : 0.6709 
cluster  4  : 0.7063 
cluster  5  : 0.5237 
cluster  6  : 0.5004 
cluster  7  : 0.6832 
cluster  8  : 0.5397 
cluster  9  : 0.6512 
cluster 10  : 0.7634 

--------------------------------------------
Estimated Ln Prob of Data   = -15028.4
Mean value of ln likelihood = -14403.7
Variance of ln likelihood   = 1249.5
Mean value of alpha         = 0.0315

Mean value of Fst_1         = 0.1030
Mean value of Fst_2         = 0.0886
Mean value of Fst_3         = 0.1001
Mean value of Fst_4         = 0.2568
Mean value of Fst_5         = 0.4176
Mean value of Fst_6         = 0.2028
Mean value of Fst_7         = 0.1111
Mean value of Fst_8         = 0.3699
Mean value of Fst_9         = 0.1680
Mean value of Fst_10         = 0.0949


Inferred ancestry of individuals:
        Label (%Miss) :  Inferred clusters
  1 UHA-0126    (0)   :  0.010 0.005 0.003 0.019 0.004 0.008 0.004 0.937 0.003 0.005 
  2 UHA-0127   (15)   :  0.002 0.003 0.002 0.002 0.009 0.003 0.002 0.972 0.002 0.003 
  3 UHA-0135    (0)   :  0.003 0.005 0.003 0.003 0.880 0.008 0.004 0.088 0.003 0.003 
  4 UHA-0166    (0)   :  0.012 0.009 0.021 0.008 0.117 0.004 0.011 0.764 0.020 0.034 
  5 UHA-0169    (0)   :  0.006 0.009 0.010 0.008 0.011 0.011 0.007 0.659 0.004 0.275 
  6 UHA-0058    (7)   :  0.003 0.002 0.002 0.002 0.966 0.003 0.003 0.012 0.003 0.003 
  7 UHA-0020    (0)   :  0.002 0.002 0.002 0.001 0.982 0.002 0.002 0.004 0.002 0.002 
  8 UHA-0023   (15)   :  0.002 0.002 0.002 0.002 0.970 0.002 0.002 0.011 0.002 0.002 
  9 UHA-0025    (0)   :  0.003 0.004 0.003 0.004 0.968 0.004 0.004 0.004 0.002 0.003 
 10 UHA-0026    (7)   :  0.005 0.003 0.003 0.002 0.952 0.003 0.003 0.024 0.003 0.003 
 11 UHA-0027    (0)   :  0.002 0.003 0.002 0.002 0.978 0.002 0.002 0.004 0.002 0.002 
 12 UHA-0028    (0)   :  0.002 0.002 0.002 0.002 0.981 0.002 0.002 0.004 0.002 0.002 
 13 UHA-0099    (0)   :  0.003 0.003 0.004 0.003 0.962 0.013 0.004 0.004 0.003 0.003 
 14 UHA-0029    (0)   :  0.002 0.002 0.002 0.002 0.978 0.003 0.002 0.004 0.002 0.002 
 15 UHA-0043   (15)   :  0.003 0.003 0.003 0.002 0.966 0.004 0.003 0.010 0.004 0.004 
 16 UHA-0045    (0)   :  0.003 0.002 0.002 0.002 0.976 0.002 0.002 0.007 0.002 0.002 
 17 UHA-0047    (0)   :  0.003 0.002 0.003 0.002 0.961 0.009 0.003 0.009 0.003 0.004 
 18 UHA-0050    (0)   :  0.012 0.004 0.006 0.002 0.889 0.003 0.006 0.066 0.005 0.009 
 19 UHA-0052    (0)   :  0.006 0.016 0.003 0.022 0.927 0.004 0.003 0.009 0.004 0.005 
 20 UHA-0056    (7)   :  0.005 0.005 0.006 0.003 0.453 0.015 0.005 0.504 0.002 0.003 
 21 UHA-0068    (7)   :  0.003 0.002 0.002 0.002 0.007 0.004 0.003 0.970 0.003 0.002 
 22 UHA-0070    (0)   :  0.002 0.002 0.002 0.002 0.003 0.003 0.002 0.979 0.002 0.002 
 23 UHA-0071    (7)   :  0.002 0.002 0.003 0.002 0.004 0.002 0.003 0.977 0.002 0.002 
 24 UHA-0075   (15)   :  0.004 0.006 0.012 0.003 0.176 0.003 0.024 0.762 0.004 0.005 
 25 UHA-0077    (0)   :  0.002 0.002 0.003 0.002 0.009 0.002 0.003 0.973 0.002 0.002 
 26 UHA-0079    (0)   :  0.003 0.002 0.002 0.002 0.004 0.002 0.002 0.979 0.002 0.003 
 27 UHA-0080    (7)   :  0.017 0.011 0.017 0.003 0.003 0.005 0.024 0.912 0.004 0.004 
 28 UHA-0081    (7)   :  0.002 0.002 0.002 0.002 0.004 0.002 0.002 0.978 0.002 0.002 
 29 UHA-0093   (15)   :  0.002 0.002 0.002 0.002 0.004 0.004 0.002 0.977 0.003 0.002 
 30 UHA-0094    (0)   :  0.003 0.002 0.002 0.002 0.005 0.003 0.002 0.977 0.002 0.003 
 31 UHA-0095    (0)   :  0.003 0.002 0.002 0.002 0.007 0.003 0.003 0.971 0.002 0.005 
 32 UHA-0096   (23)   :  0.003 0.003 0.003 0.002 0.021 0.003 0.003 0.954 0.003 0.004 
 33 UHA-0097    (7)   :  0.003 0.002 0.002 0.002 0.005 0.002 0.002 0.975 0.002 0.004 
 34 UHA-0098    (0)   :  0.002 0.002 0.002 0.002 0.980 0.003 0.002 0.004 0.002 0.002 
 35 UHA-0101   (15)   :  0.003 0.003 0.003 0.002 0.969 0.007 0.003 0.003 0.002 0.004 
 36 UHA-0105    (0)   :  0.002 0.003 0.003 0.002 0.979 0.002 0.002 0.003 0.002 0.002 
 37 UHA-0109    (0)   :  0.002 0.002 0.003 0.002 0.976 0.004 0.002 0.003 0.002 0.002 
 38 UHA-0111    (0)   :  0.002 0.003 0.002 0.004 0.971 0.003 0.003 0.009 0.002 0.002 
 39 UHA-0112    (7)   :  0.004 0.002 0.003 0.002 0.003 0.003 0.004 0.974 0.003 0.003 
 40 UHA-0298    (0)   :  0.004 0.003 0.003 0.002 0.958 0.003 0.004 0.019 0.002 0.003 
 41 UHA-0021    (0)   :  0.003 0.005 0.003 0.003 0.964 0.002 0.008 0.004 0.002 0.005 
 42 UHA-0022    (0)   :  0.002 0.002 0.002 0.002 0.982 0.002 0.002 0.003 0.002 0.002 
 43 UHA-0048    (0)   :  0.002 0.002 0.002 0.002 0.981 0.002 0.002 0.003 0.002 0.002 
 44 UHA-0049    (0)   :  0.002 0.002 0.002 0.002 0.979 0.002 0.002 0.006 0.002 0.002 
 45 UHA-0053    (0)   :  0.003 0.002 0.002 0.002 0.976 0.002 0.002 0.006 0.002 0.002 
 46 UHA-0054    (0)   :  0.003 0.003 0.002 0.002 0.978 0.002 0.002 0.005 0.002 0.002 
 47 UHA-0055    (0)   :  0.003 0.003 0.002 0.013 0.737 0.002 0.003 0.228 0.004 0.003 
 48 UHA-0069    (0)   :  0.002 0.002 0.002 0.002 0.003 0.002 0.002 0.980 0.002 0.002 
 49 UHA-0072    (0)   :  0.002 0.003 0.003 0.002 0.011 0.003 0.003 0.968 0.002 0.003 
 50 UHA-0073    (0)   :  0.002 0.002 0.002 0.002 0.003 0.002 0.002 0.980 0.002 0.002 
 51 UHA-0074    (0)   :  0.004 0.004 0.004 0.004 0.579 0.011 0.003 0.384 0.003 0.005 
 52 UHA-0076    (0)   :  0.002 0.002 0.002 0.002 0.005 0.002 0.002 0.979 0.002 0.002 
 53 UHA-0100    (0)   :  0.002 0.003 0.003 0.004 0.956 0.010 0.006 0.010 0.003 0.003 
 54 UHA-0102    (0)   :  0.002 0.002 0.002 0.002 0.979 0.002 0.002 0.004 0.002 0.002 
 55 UHA-0106    (0)   :  0.002 0.002 0.002 0.002 0.980 0.002 0.002 0.004 0.002 0.002 
 56 UHA-0110    (0)   :  0.002 0.003 0.002 0.003 0.963 0.008 0.003 0.010 0.002 0.003 
 57 UHA-0036    (7)   :  0.002 0.002 0.003 0.002 0.979 0.003 0.002 0.004 0.002 0.002 
 58 UHA-0037    (0)   :  0.011 0.007 0.010 0.003 0.915 0.004 0.009 0.026 0.005 0.011 
 59 UHA-0038    (0)   :  0.007 0.004 0.005 0.002 0.851 0.002 0.005 0.116 0.003 0.005 
 60 UHA-0089    (0)   :  0.002 0.002 0.002 0.002 0.003 0.002 0.002 0.982 0.002 0.002 
 61 UHA-0040    (0)   :  0.004 0.003 0.003 0.002 0.915 0.003 0.003 0.063 0.002 0.002 
 62 UHA-0041    (0)   :  0.002 0.002 0.002 0.002 0.979 0.002 0.002 0.005 0.002 0.002 
 63 UHA-0090    (0)   :  0.003 0.002 0.002 0.002 0.004 0.002 0.002 0.979 0.002 0.002 
 64 UHA-0059    (0)   :  0.002 0.002 0.002 0.001 0.983 0.002 0.002 0.003 0.002 0.002 
 65 UHA-0063    (0)   :  0.002 0.003 0.004 0.002 0.005 0.964 0.003 0.009 0.005 0.003 
 66 UHA-0082    (0)   :  0.002 0.002 0.002 0.001 0.007 0.002 0.002 0.976 0.002 0.003 
 67 UHA-0083    (0)   :  0.002 0.002 0.003 0.002 0.004 0.002 0.002 0.977 0.003 0.002 
 68 UHA-0084    (0)   :  0.002 0.002 0.003 0.002 0.008 0.003 0.003 0.973 0.002 0.002 
 69 UHA-0085    (0)   :  0.002 0.002 0.002 0.002 0.005 0.002 0.003 0.978 0.002 0.002 
 70 UHA-0086    (0)   :  0.002 0.002 0.003 0.002 0.005 0.002 0.003 0.977 0.002 0.002 
 71 UHA-0087    (0)   :  0.002 0.002 0.003 0.002 0.003 0.002 0.003 0.979 0.003 0.002 
 72 UHA-0088    (0)   :  0.002 0.002 0.003 0.002 0.005 0.003 0.003 0.975 0.003 0.002 
 73 UHA-0091    (0)   :  0.002 0.002 0.002 0.002 0.004 0.003 0.003 0.978 0.002 0.002 
 74 UHA-0113    (0)   :  0.002 0.002 0.002 0.002 0.980 0.002 0.002 0.004 0.002 0.002 
 75 UHA-0114    (7)   :  0.002 0.002 0.002 0.002 0.980 0.002 0.002 0.004 0.002 0.002 
 76 UHA-0115    (7)   :  0.007 0.004 0.005 0.004 0.922 0.028 0.008 0.013 0.003 0.005 
 77 UHA-0116    (0)   :  0.003 0.003 0.002 0.002 0.977 0.003 0.002 0.005 0.002 0.002 
 78 UHA-0118    (0)   :  0.002 0.002 0.002 0.002 0.980 0.002 0.002 0.006 0.002 0.002 
 79 UHA-0119    (0)   :  0.002 0.002 0.002 0.002 0.976 0.004 0.002 0.004 0.002 0.003 
 80 UHA-0120    (0)   :  0.002 0.003 0.002 0.002 0.977 0.002 0.002 0.005 0.002 0.002 
 81 UHA-0121    (0)   :  0.002 0.002 0.002 0.002 0.981 0.002 0.002 0.004 0.002 0.002 
 82 UHA-0122    (0)   :  0.002 0.002 0.002 0.002 0.978 0.004 0.002 0.003 0.002 0.002 
 83 UHA-0123    (0)   :  0.003 0.002 0.002 0.002 0.078 0.002 0.002 0.905 0.002 0.003 
 84 UHA-0124    (7)   :  0.004 0.003 0.003 0.002 0.811 0.003 0.003 0.165 0.002 0.003 
 85 UHA-0125    (0)   :  0.010 0.008 0.017 0.007 0.194 0.004 0.014 0.721 0.009 0.017 
 86 UHA-0128    (7)   :  0.003 0.003 0.003 0.002 0.004 0.006 0.003 0.972 0.002 0.003 
 87 UHA-0129    (7)   :  0.002 0.002 0.002 0.002 0.005 0.005 0.002 0.974 0.002 0.002 
 88 UHA-0130    (0)   :  0.002 0.003 0.002 0.002 0.005 0.002 0.003 0.976 0.002 0.002 
 89 UHA-0131    (0)   :  0.013 0.011 0.028 0.019 0.016 0.006 0.005 0.887 0.008 0.007 
 90 UHA-0132    (0)   :  0.005 0.008 0.026 0.031 0.108 0.010 0.003 0.796 0.005 0.007 
 91 UHA-0133    (7)   :  0.003 0.003 0.003 0.002 0.033 0.005 0.003 0.941 0.003 0.003 
 92 UHA-0134    (7)   :  0.003 0.002 0.002 0.002 0.007 0.002 0.003 0.974 0.002 0.003 
 93 UHA-0136    (0)   :  0.002 0.002 0.002 0.002 0.004 0.004 0.002 0.978 0.002 0.002 
 94 UHA-0137    (0)   :  0.002 0.002 0.002 0.002 0.004 0.002 0.002 0.980 0.002 0.002 
 95 UHA-0138    (0)   :  0.768 0.009 0.007 0.004 0.045 0.018 0.008 0.059 0.008 0.074 
 96 UHA-0139    (0)   :  0.009 0.004 0.003 0.002 0.874 0.003 0.003 0.095 0.003 0.003 
 97 UHA-0140    (0)   :  0.007 0.025 0.004 0.033 0.475 0.008 0.006 0.427 0.007 0.008 
 98 UHA-0141    (0)   :  0.008 0.004 0.004 0.004 0.879 0.009 0.006 0.078 0.003 0.004 
 99 UHA-0143    (0)   :  0.002 0.002 0.002 0.002 0.022 0.006 0.002 0.957 0.002 0.002 
100 UHA-0144    (0)   :  0.002 0.003 0.002 0.002 0.005 0.005 0.002 0.973 0.002 0.002 
101 UHA-0146    (7)   :  0.002 0.002 0.002 0.003 0.013 0.005 0.008 0.959 0.002 0.003 
102 UHA-0147    (7)   :  0.004 0.004 0.003 0.002 0.043 0.003 0.003 0.932 0.003 0.003 
103 UHA-0150    (0)   :  0.006 0.004 0.004 0.004 0.005 0.005 0.005 0.960 0.003 0.004 
104 UHA-0162    (7)   :  0.020 0.040 0.343 0.033 0.016 0.010 0.034 0.427 0.008 0.071 
105 UHA-0163    (0)   :  0.008 0.014 0.005 0.006 0.265 0.006 0.006 0.681 0.004 0.004 
106 UHA-0164   (15)   :  0.004 0.003 0.003 0.002 0.009 0.004 0.004 0.963 0.004 0.003 
107 UHA-0165    (0)   :  0.002 0.002 0.002 0.002 0.007 0.002 0.002 0.977 0.002 0.003 
108 UHA-0167   (23)   :  0.010 0.007 0.007 0.003 0.790 0.004 0.007 0.152 0.010 0.010 
109 UHA-0148    (0)   :  0.030 0.027 0.009 0.006 0.006 0.055 0.004 0.693 0.155 0.018 
110 UHA-0151    (0)   :  0.004 0.009 0.007 0.003 0.071 0.009 0.008 0.872 0.010 0.006 
111 UHA-0152    (0)   :  0.002 0.002 0.002 0.002 0.269 0.003 0.002 0.713 0.002 0.002 
112 UHA-0153    (0)   :  0.002 0.002 0.002 0.002 0.300 0.003 0.002 0.682 0.002 0.002 
113 UHA-0154    (0)   :  0.003 0.007 0.003 0.003 0.276 0.002 0.003 0.698 0.002 0.003 
114 UHA-0155    (0)   :  0.002 0.003 0.005 0.003 0.412 0.005 0.004 0.560 0.003 0.003 
115 UHA-0156    (0)   :  0.009 0.067 0.011 0.059 0.012 0.008 0.009 0.590 0.006 0.230 
116 UHA-0157    (7)   :  0.002 0.004 0.005 0.002 0.339 0.005 0.004 0.634 0.002 0.002 
117 UHA-0158    (0)   :  0.010 0.012 0.044 0.016 0.144 0.035 0.011 0.716 0.004 0.008 
118 UHA-0159    (0)   :  0.015 0.006 0.006 0.005 0.687 0.009 0.019 0.236 0.004 0.012 
119 UHA-0160    (0)   :  0.003 0.003 0.004 0.005 0.465 0.009 0.004 0.501 0.002 0.005 
120 UHA-0161    (0)   :  0.004 0.003 0.003 0.004 0.171 0.004 0.004 0.801 0.003 0.003 
121 UHA-0426    (0)   :  0.004 0.013 0.008 0.003 0.009 0.004 0.030 0.921 0.003 0.005 
122 UHA-0427    (0)   :  0.003 0.003 0.002 0.002 0.456 0.003 0.003 0.525 0.002 0.002 
123 UHA-0428    (0)   :  0.003 0.002 0.002 0.002 0.003 0.002 0.002 0.980 0.002 0.003 
124 UHA-0429    (0)   :  0.017 0.009 0.015 0.008 0.488 0.048 0.050 0.345 0.004 0.015 
125 UHA-0430    (0)   :  0.002 0.002 0.002 0.002 0.315 0.003 0.002 0.666 0.002 0.003 
126 UHA-0431    (0)   :  0.006 0.005 0.003 0.004 0.438 0.005 0.004 0.527 0.003 0.006 
127 UHA-0432    (7)   :  0.018 0.015 0.014 0.005 0.207 0.018 0.080 0.633 0.003 0.007 
128 UHA-0433    (0)   :  0.002 0.003 0.004 0.002 0.431 0.005 0.003 0.546 0.002 0.002 
129 UHA-0434    (0)   :  0.008 0.008 0.006 0.003 0.005 0.008 0.012 0.922 0.020 0.008 
130 UHA-0435    (0)   :  0.007 0.003 0.026 0.006 0.073 0.016 0.004 0.857 0.003 0.005 
131 UHA-0436    (0)   :  0.002 0.003 0.002 0.002 0.005 0.002 0.003 0.976 0.002 0.002 
132 UHA-0437    (0)   :  0.002 0.002 0.002 0.002 0.111 0.002 0.002 0.872 0.002 0.002 
133 UHA-0438    (0)   :  0.002 0.003 0.003 0.003 0.019 0.017 0.010 0.937 0.003 0.003 
134 UHA-0439    (0)   :  0.002 0.002 0.002 0.002 0.889 0.003 0.003 0.093 0.002 0.002 
135 UHA-0440    (0)   :  0.002 0.002 0.002 0.002 0.976 0.002 0.002 0.006 0.002 0.002 
136 UHA-0441    (0)   :  0.002 0.002 0.002 0.002 0.976 0.002 0.002 0.009 0.002 0.002 
137 UHA-0442    (0)   :  0.002 0.002 0.002 0.002 0.978 0.002 0.002 0.007 0.002 0.002 
138 UHA-0443    (0)   :  0.002 0.002 0.002 0.002 0.978 0.004 0.002 0.004 0.002 0.003 
139 UHA-0444    (0)   :  0.002 0.002 0.002 0.002 0.977 0.002 0.002 0.005 0.002 0.003 
140 UHA-0445    (0)   :  0.002 0.002 0.002 0.002 0.981 0.002 0.002 0.005 0.002 0.002 
141 UHA-0446    (0)   :  0.012 0.019 0.007 0.003 0.825 0.005 0.034 0.090 0.002 0.003 
142 UHA-0447    (0)   :  0.002 0.002 0.002 0.002 0.979 0.003 0.002 0.003 0.002 0.003 
143 UHA-0448    (0)   :  0.002 0.002 0.002 0.002 0.980 0.002 0.002 0.005 0.002 0.002 
144 UHA-0449    (0)   :  0.002 0.002 0.002 0.002 0.980 0.004 0.002 0.002 0.002 0.002 
145 UHA-0450    (0)   :  0.002 0.002 0.002 0.002 0.977 0.003 0.002 0.004 0.002 0.003 
146 UHA-0451    (0)   :  0.002 0.002 0.002 0.002 0.978 0.003 0.002 0.004 0.002 0.003 
147 UHA-0452    (0)   :  0.002 0.002 0.002 0.002 0.980 0.004 0.002 0.002 0.002 0.002 
148 UHA-0453    (0)   :  0.002 0.002 0.002 0.002 0.977 0.003 0.002 0.005 0.002 0.003 
149 UHA-0454    (0)   :  0.002 0.002 0.002 0.002 0.980 0.003 0.002 0.003 0.002 0.002 
150 UHA-0455    (0)   :  0.002 0.002 0.002 0.002 0.983 0.002 0.002 0.003 0.002 0.002 
151 UHA-0456    (0)   :  0.002 0.002 0.002 0.002 0.979 0.002 0.002 0.004 0.002 0.003 
152 UHA-0457    (0)   :  0.003 0.003 0.003 0.004 0.973 0.005 0.003 0.003 0.002 0.003 
153 UHA-0458    (0)   :  0.003 0.003 0.003 0.004 0.975 0.003 0.003 0.003 0.002 0.002 
154 UHA-0459    (0)   :  0.002 0.003 0.003 0.003 0.967 0.006 0.004 0.008 0.002 0.003 
155 UHA-0460    (0)   :  0.002 0.002 0.002 0.002 0.980 0.003 0.002 0.004 0.002 0.002 
156 UHA-0001    (0)   :  0.007 0.003 0.012 0.003 0.003 0.962 0.002 0.002 0.003 0.003 
157 UHA-0002    (0)   :  0.055 0.018 0.158 0.005 0.004 0.680 0.033 0.004 0.004 0.039 
158 UHA-0003    (0)   :  0.007 0.011 0.043 0.003 0.048 0.831 0.034 0.005 0.005 0.015 
159 UHA-0004    (7)   :  0.004 0.006 0.005 0.002 0.005 0.002 0.006 0.003 0.963 0.003 
160 UHA-0005    (0)   :  0.010 0.007 0.006 0.004 0.007 0.015 0.005 0.003 0.934 0.010 
161 UHA-0006    (0)   :  0.025 0.009 0.063 0.004 0.008 0.004 0.016 0.005 0.859 0.008 
162 UHA-0007    (0)   :  0.286 0.062 0.527 0.006 0.004 0.020 0.076 0.005 0.004 0.010 
163 UHA-0008    (0)   :  0.937 0.021 0.008 0.004 0.004 0.004 0.005 0.006 0.004 0.006 
164 UHA-0009    (0)   :  0.004 0.003 0.003 0.004 0.014 0.030 0.003 0.928 0.002 0.008 
165 UHA-0010    (7)   :  0.003 0.003 0.003 0.002 0.031 0.003 0.003 0.947 0.003 0.003 
166 UHA-0011    (0)   :  0.002 0.002 0.002 0.002 0.005 0.002 0.002 0.979 0.002 0.003 
167 UHA-0012    (0)   :  0.004 0.003 0.003 0.004 0.005 0.004 0.004 0.966 0.003 0.004 
168 UHA-0013    (0)   :  0.003 0.005 0.004 0.002 0.008 0.003 0.004 0.964 0.002 0.004 
169 UHA-0014    (0)   :  0.002 0.002 0.002 0.002 0.004 0.002 0.002 0.979 0.002 0.002 
170 UHA-0015    (0)   :  0.003 0.002 0.003 0.004 0.009 0.123 0.002 0.840 0.002 0.012 
171 UHA-0016   (15)   :  0.003 0.003 0.003 0.002 0.005 0.003 0.003 0.973 0.003 0.003 
172 UHA-0017    (7)   :  0.005 0.005 0.928 0.009 0.004 0.004 0.016 0.005 0.016 0.008 
173 UHA-0018    (7)   :  0.038 0.060 0.854 0.003 0.002 0.002 0.026 0.003 0.005 0.006 
174 UHA-0183    (7)   :  0.002 0.002 0.003 0.003 0.003 0.975 0.003 0.002 0.003 0.003 
175 UHA-0184    (0)   :  0.003 0.002 0.002 0.033 0.002 0.946 0.003 0.003 0.002 0.002 
176 UHA-0186    (0)   :  0.006 0.005 0.006 0.003 0.002 0.923 0.026 0.020 0.003 0.007 
177 UHA-0187    (0)   :  0.005 0.004 0.007 0.003 0.002 0.949 0.006 0.007 0.012 0.004 
178 UHA-0188    (0)   :  0.003 0.003 0.005 0.002 0.009 0.962 0.003 0.005 0.004 0.005 
179 UHA-0191    (0)   :  0.002 0.003 0.003 0.003 0.002 0.973 0.003 0.003 0.002 0.005 
180 UHA-0193    (7)   :  0.010 0.009 0.009 0.002 0.003 0.003 0.006 0.006 0.940 0.013 
181 UHA-0194   (15)   :  0.008 0.013 0.011 0.053 0.010 0.007 0.012 0.002 0.833 0.051 
182 UHA-0195   (23)   :  0.024 0.008 0.008 0.004 0.002 0.005 0.005 0.002 0.936 0.005 
183 UHA-0196    (7)   :  0.004 0.009 0.008 0.077 0.007 0.027 0.004 0.004 0.687 0.175 
184 UHA-0197   (15)   :  0.003 0.003 0.003 0.002 0.006 0.003 0.004 0.004 0.965 0.006 
185 UHA-0198    (7)   :  0.166 0.045 0.016 0.027 0.003 0.004 0.017 0.003 0.712 0.007 
186 UHA-0202    (7)   :  0.148 0.041 0.021 0.147 0.006 0.008 0.019 0.011 0.516 0.083 
187 UHA-0205    (7)   :  0.010 0.005 0.005 0.003 0.003 0.004 0.006 0.004 0.956 0.005 
188 UHA-0207    (7)   :  0.003 0.006 0.005 0.002 0.006 0.002 0.007 0.002 0.963 0.003 
189 UHA-0208    (7)   :  0.021 0.011 0.344 0.003 0.005 0.005 0.051 0.005 0.541 0.014 
190 UHA-0210    (7)   :  0.029 0.020 0.022 0.014 0.371 0.009 0.142 0.200 0.064 0.128 
191 UHA-0211    (7)   :  0.003 0.002 0.002 0.002 0.002 0.006 0.003 0.002 0.004 0.973 
192 UHA-0212   (15)   :  0.002 0.002 0.002 0.002 0.002 0.006 0.002 0.002 0.004 0.973 
193 UHA-0213    (0)   :  0.004 0.003 0.003 0.363 0.002 0.606 0.003 0.005 0.008 0.003 
194 UHA-0214    (0)   :  0.003 0.002 0.004 0.558 0.002 0.406 0.004 0.002 0.010 0.010 
195 UHA-0215    (0)   :  0.016 0.017 0.232 0.005 0.020 0.588 0.021 0.007 0.076 0.018 
196 UHA-0216   (15)   :  0.048 0.053 0.117 0.005 0.003 0.618 0.094 0.004 0.038 0.019 
197 UHA-0217    (0)   :  0.030 0.047 0.029 0.012 0.011 0.753 0.011 0.021 0.026 0.060 
198 UHA-0218    (0)   :  0.021 0.202 0.047 0.013 0.010 0.661 0.028 0.003 0.007 0.007 
199 UHA-0219   (15)   :  0.059 0.010 0.337 0.007 0.004 0.133 0.383 0.007 0.049 0.011 
200 UHA-0220    (0)   :  0.027 0.141 0.329 0.006 0.007 0.318 0.042 0.004 0.008 0.118 
201 UHA-0221    (0)   :  0.007 0.005 0.023 0.003 0.003 0.005 0.006 0.004 0.935 0.009 
202 UHA-0222    (7)   :  0.004 0.004 0.012 0.003 0.002 0.004 0.006 0.005 0.954 0.006 
203 UHA-0223    (0)   :  0.012 0.016 0.751 0.005 0.005 0.011 0.008 0.003 0.181 0.005 
204 UHA-0224    (0)   :  0.003 0.002 0.002 0.002 0.005 0.003 0.003 0.976 0.003 0.003 
205 UHA-0225    (0)   :  0.008 0.005 0.610 0.004 0.010 0.063 0.162 0.005 0.020 0.113 
206 UHA-0226    (0)   :  0.010 0.011 0.295 0.010 0.004 0.013 0.477 0.006 0.154 0.020 
207 UHA-0227    (0)   :  0.011 0.018 0.833 0.002 0.037 0.004 0.014 0.072 0.004 0.005 
208 UHA-0228    (0)   :  0.009 0.005 0.964 0.002 0.003 0.002 0.007 0.003 0.002 0.002 
209 UHA-0229    (7)   :  0.005 0.005 0.928 0.009 0.004 0.004 0.016 0.005 0.016 0.009 
210 UHA-0230    (7)   :  0.222 0.078 0.113 0.010 0.015 0.193 0.147 0.019 0.076 0.127 
211 UHA-0231    (0)   :  0.903 0.009 0.033 0.004 0.003 0.006 0.025 0.005 0.003 0.008 
212 UHA-0232    (0)   :  0.017 0.042 0.810 0.006 0.003 0.012 0.060 0.004 0.028 0.018 
213 UHA-0233    (7)   :  0.408 0.019 0.191 0.005 0.005 0.049 0.083 0.005 0.169 0.065 
214 UHA-0238    (7)   :  0.019 0.055 0.033 0.004 0.004 0.024 0.784 0.009 0.047 0.020 
215 UHA-0239    (0)   :  0.081 0.205 0.026 0.003 0.011 0.010 0.507 0.091 0.006 0.061 
216 UHA-0240    (0)   :  0.012 0.114 0.051 0.005 0.002 0.003 0.790 0.003 0.004 0.016 
217 UHA-0241    (0)   :  0.713 0.007 0.036 0.002 0.002 0.002 0.226 0.004 0.004 0.004 
218 UHA-0242    (0)   :  0.569 0.021 0.064 0.004 0.002 0.002 0.324 0.003 0.006 0.005 
219 UHA-0243    (7)   :  0.090 0.866 0.013 0.003 0.002 0.002 0.015 0.002 0.005 0.003 
220 UHA-0244    (0)   :  0.672 0.105 0.134 0.005 0.006 0.025 0.021 0.009 0.012 0.011 
221 UHA-0245    (7)   :  0.009 0.007 0.846 0.005 0.004 0.045 0.016 0.003 0.006 0.058 
222 UHA-0246    (7)   :  0.695 0.008 0.227 0.004 0.004 0.004 0.040 0.005 0.006 0.009 
223 UHA-0247    (7)   :  0.047 0.830 0.006 0.004 0.005 0.006 0.074 0.007 0.010 0.010 
224 UHA-0248    (0)   :  0.003 0.003 0.004 0.012 0.054 0.011 0.004 0.023 0.003 0.883 
225 UHA-0249    (7)   :  0.004 0.003 0.004 0.010 0.007 0.006 0.004 0.007 0.013 0.943 
226 UHA-0251    (0)   :  0.007 0.005 0.005 0.007 0.005 0.018 0.008 0.003 0.024 0.917 
227 UHA-0252    (7)   :  0.005 0.006 0.029 0.203 0.038 0.003 0.005 0.018 0.333 0.359 
228 UHA-0254    (7)   :  0.039 0.005 0.044 0.128 0.002 0.006 0.006 0.003 0.003 0.764 
229 UHA-0255    (7)   :  0.006 0.006 0.010 0.035 0.006 0.004 0.012 0.013 0.101 0.807 
230 UHA-0256   (15)   :  0.010 0.009 0.075 0.008 0.009 0.027 0.011 0.762 0.003 0.086 
231 UHA-0257    (0)   :  0.002 0.002 0.003 0.002 0.979 0.003 0.002 0.003 0.002 0.003 
232 UHA-0258    (7)   :  0.010 0.007 0.017 0.006 0.847 0.060 0.011 0.034 0.002 0.005 
233 UHA-0259    (7)   :  0.005 0.029 0.012 0.005 0.010 0.027 0.013 0.890 0.004 0.007 
234 UHA-0260    (0)   :  0.002 0.002 0.002 0.001 0.981 0.002 0.002 0.004 0.002 0.002 
235 UHA-0261    (0)   :  0.004 0.003 0.003 0.002 0.967 0.003 0.003 0.010 0.003 0.003 
236 UHA-0262    (0)   :  0.002 0.002 0.003 0.002 0.003 0.003 0.002 0.977 0.003 0.003 
237 UHA-0263    (0)   :  0.002 0.002 0.002 0.002 0.004 0.002 0.002 0.978 0.002 0.003 
238 UHA-0264    (0)   :  0.010 0.003 0.006 0.002 0.005 0.004 0.003 0.960 0.003 0.004 
239 UHA-0265    (0)   :  0.004 0.002 0.003 0.002 0.003 0.002 0.004 0.976 0.002 0.002 
240 UHA-0266    (7)   :  0.003 0.002 0.003 0.002 0.008 0.002 0.003 0.973 0.002 0.003 
241 UHA-0267    (0)   :  0.002 0.002 0.002 0.002 0.003 0.002 0.002 0.980 0.002 0.002 
242 UHA-0273    (7)   :  0.005 0.009 0.008 0.012 0.031 0.012 0.009 0.014 0.530 0.371 
243 UHA-0282    (0)   :  0.546 0.084 0.323 0.003 0.004 0.004 0.024 0.002 0.006 0.005 
244 UHA-0283    (7)   :  0.003 0.003 0.004 0.005 0.002 0.967 0.005 0.004 0.003 0.004 
245 UHA-0284    (0)   :  0.018 0.018 0.874 0.003 0.006 0.004 0.048 0.005 0.018 0.005 
246 UHA-0285    (0)   :  0.003 0.002 0.002 0.003 0.002 0.977 0.002 0.002 0.003 0.003 
247 UHA-0286    (0)   :  0.035 0.119 0.013 0.288 0.007 0.521 0.004 0.003 0.003 0.007 
248 UHA-0287   (23)   :  0.003 0.003 0.004 0.007 0.002 0.955 0.004 0.002 0.006 0.013 
249 UHA-0288    (7)   :  0.027 0.032 0.620 0.004 0.023 0.006 0.217 0.049 0.004 0.019 
250 UHA-0289    (7)   :  0.822 0.027 0.014 0.026 0.002 0.005 0.093 0.003 0.003 0.005 
251 UHA-0294    (7)   :  0.925 0.010 0.010 0.010 0.004 0.005 0.010 0.005 0.011 0.010 
252 UHA-0295   (15)   :  0.455 0.307 0.128 0.004 0.007 0.014 0.012 0.011 0.049 0.010 
253 UHA-0299    (0)   :  0.285 0.648 0.014 0.002 0.004 0.003 0.029 0.006 0.004 0.005 
254 UHA-0300    (0)   :  0.003 0.003 0.005 0.010 0.002 0.934 0.006 0.002 0.015 0.020 
255 UHA-0301    (0)   :  0.005 0.003 0.004 0.002 0.002 0.002 0.975 0.003 0.002 0.002 
256 UHA-0302    (7)   :  0.007 0.008 0.815 0.003 0.002 0.003 0.148 0.006 0.005 0.003 
257 UHA-0303    (0)   :  0.026 0.008 0.026 0.004 0.005 0.010 0.897 0.007 0.009 0.007 
258 UHA-0304    (0)   :  0.009 0.097 0.810 0.014 0.005 0.010 0.019 0.004 0.003 0.029 
259 UHA-0305    (7)   :  0.010 0.004 0.008 0.003 0.002 0.003 0.960 0.003 0.003 0.005 
260 UHA-0306   (15)   :  0.072 0.014 0.076 0.004 0.008 0.002 0.798 0.005 0.008 0.014 
261 UHA-0307    (0)   :  0.008 0.960 0.005 0.004 0.005 0.003 0.005 0.003 0.003 0.004 
262 UHA-0308   (15)   :  0.005 0.007 0.007 0.003 0.002 0.004 0.959 0.003 0.007 0.003 
263 UHA-0309    (0)   :  0.007 0.951 0.013 0.006 0.002 0.005 0.005 0.002 0.004 0.006 
264 UHA-0310    (0)   :  0.071 0.854 0.019 0.009 0.003 0.002 0.023 0.002 0.010 0.008 
265 UHA-0311    (0)   :  0.012 0.003 0.003 0.002 0.002 0.965 0.002 0.002 0.004 0.004 
266 UHA-0312    (7)   :  0.006 0.046 0.009 0.004 0.004 0.011 0.908 0.002 0.005 0.005 
267 UHA-0313    (0)   :  0.017 0.125 0.020 0.005 0.004 0.014 0.799 0.002 0.005 0.009 
268 UHA-0314   (23)   :  0.007 0.004 0.004 0.007 0.009 0.947 0.003 0.007 0.004 0.008 
269 UHA-0316    (0)   :  0.087 0.830 0.027 0.004 0.012 0.005 0.012 0.006 0.007 0.010 
270 UHA-0317    (7)   :  0.620 0.191 0.057 0.013 0.073 0.019 0.005 0.007 0.007 0.008 
271 UHA-0318    (7)   :  0.016 0.405 0.530 0.004 0.004 0.003 0.021 0.003 0.005 0.008 
272 UHA-0319    (0)   :  0.005 0.004 0.003 0.003 0.002 0.972 0.002 0.002 0.005 0.002 
273 UHA-0320    (0)   :  0.006 0.003 0.003 0.004 0.005 0.912 0.004 0.054 0.005 0.004 
274 UHA-0321    (7)   :  0.007 0.009 0.110 0.002 0.003 0.003 0.833 0.004 0.006 0.023 
275 UHA-0322    (0)   :  0.006 0.928 0.010 0.007 0.005 0.009 0.013 0.008 0.013 0.004 
276 UHA-0323    (0)   :  0.014 0.006 0.008 0.008 0.003 0.914 0.011 0.003 0.023 0.009 
277 UHA-0324    (7)   :  0.005 0.006 0.004 0.008 0.005 0.945 0.003 0.015 0.003 0.006 
278 UHA-0325    (0)   :  0.003 0.002 0.004 0.004 0.007 0.965 0.002 0.003 0.005 0.005 
279 UHA-0326    (0)   :  0.009 0.009 0.008 0.003 0.002 0.951 0.008 0.004 0.003 0.003 
280 UHA-0327    (7)   :  0.004 0.005 0.003 0.004 0.002 0.968 0.003 0.004 0.003 0.004 
281 UHA-0329    (0)   :  0.029 0.115 0.331 0.007 0.002 0.006 0.438 0.003 0.022 0.048 
282 UHA-0330    (0)   :  0.060 0.030 0.736 0.007 0.003 0.005 0.129 0.002 0.005 0.021 
283 UHA-0331   (23)   :  0.004 0.005 0.005 0.010 0.005 0.952 0.003 0.006 0.004 0.007 
284 UHA-0332    (0)   :  0.924 0.041 0.007 0.003 0.003 0.002 0.005 0.004 0.006 0.004 
285 UHA-0333    (0)   :  0.003 0.004 0.004 0.003 0.002 0.970 0.003 0.003 0.003 0.006 
286 UHA-0334    (0)   :  0.004 0.003 0.009 0.007 0.005 0.950 0.004 0.002 0.004 0.012 
287 UHA-0335   (15)   :  0.017 0.038 0.743 0.004 0.003 0.003 0.174 0.003 0.006 0.010 
288 UHA-0337    (0)   :  0.013 0.639 0.272 0.004 0.004 0.004 0.022 0.005 0.029 0.006 
289 UHA-0338    (7)   :  0.010 0.028 0.013 0.015 0.007 0.804 0.006 0.005 0.004 0.109 
290 UHA-0339    (0)   :  0.004 0.004 0.048 0.008 0.003 0.896 0.019 0.002 0.007 0.009 
291 UHA-0340    (0)   :  0.185 0.051 0.445 0.007 0.010 0.006 0.058 0.007 0.098 0.133 
292 UHA-0343    (0)   :  0.034 0.120 0.012 0.288 0.006 0.522 0.004 0.003 0.003 0.008 
293 UHA-0345    (0)   :  0.907 0.010 0.008 0.005 0.002 0.003 0.042 0.014 0.003 0.006 
294 UHA-0346    (7)   :  0.568 0.051 0.245 0.012 0.003 0.017 0.070 0.002 0.010 0.022 
295 UHA-0347    (7)   :  0.143 0.355 0.214 0.004 0.003 0.003 0.222 0.029 0.008 0.019 
296 UHA-0348    (0)   :  0.010 0.944 0.011 0.003 0.003 0.003 0.006 0.004 0.014 0.003 
297 UHA-0349   (23)   :  0.344 0.540 0.007 0.008 0.006 0.004 0.076 0.005 0.006 0.005 
298 UHA-0350    (0)   :  0.004 0.003 0.003 0.003 0.003 0.972 0.004 0.004 0.002 0.003 
299 UHA-0354    (0)   :  0.044 0.457 0.024 0.006 0.005 0.016 0.050 0.005 0.179 0.214 
300 UHA-0352    (7)   :  0.701 0.080 0.181 0.003 0.002 0.004 0.014 0.002 0.007 0.004 
301 UHA-0353    (7)   :  0.144 0.461 0.075 0.026 0.002 0.006 0.250 0.004 0.026 0.006 
302 UHA-0172    (0)   :  0.007 0.007 0.005 0.004 0.001 0.003 0.004 0.002 0.966 0.003 
303 UHA-0174    (0)   :  0.224 0.422 0.037 0.031 0.008 0.014 0.022 0.007 0.200 0.036 
304 UHA-0175    (0)   :  0.522 0.083 0.055 0.003 0.006 0.003 0.285 0.008 0.012 0.024 
305 UHA-0176    (0)   :  0.002 0.002 0.004 0.002 0.005 0.965 0.003 0.009 0.005 0.003 
306 UHA-0177    (7)   :  0.052 0.155 0.577 0.029 0.011 0.007 0.064 0.007 0.008 0.089 
307 UHA-0178    (0)   :  0.002 0.003 0.004 0.003 0.003 0.958 0.006 0.011 0.008 0.003 
308 UHA-0179    (7)   :  0.008 0.006 0.010 0.004 0.002 0.017 0.014 0.004 0.703 0.232 
309 UHA-0189    (0)   :  0.003 0.003 0.003 0.002 0.009 0.961 0.003 0.006 0.004 0.005 
310 UHA-0190    (0)   :  0.003 0.003 0.003 0.004 0.004 0.967 0.003 0.003 0.005 0.005 
311 UHA-0199    (7)   :  0.009 0.008 0.010 0.028 0.004 0.008 0.011 0.004 0.910 0.007 
312 UHA-0276    (0)   :  0.003 0.004 0.003 0.961 0.002 0.006 0.003 0.002 0.007 0.009 
313 UHA-0277    (7)   :  0.006 0.004 0.003 0.952 0.002 0.019 0.004 0.002 0.003 0.004 
314 UHA-0203    (7)   :  0.002 0.003 0.002 0.003 0.002 0.003 0.003 0.002 0.977 0.004 
315 UHA-0204    (0)   :  0.004 0.006 0.005 0.003 0.002 0.004 0.005 0.005 0.963 0.004 
316 UHA-0234    (0)   :  0.332 0.267 0.331 0.005 0.003 0.008 0.028 0.003 0.018 0.005 
317 UHA-0235    (0)   :  0.863 0.043 0.013 0.004 0.005 0.004 0.017 0.005 0.039 0.008 
318 UHA-0236    (0)   :  0.028 0.095 0.063 0.025 0.003 0.096 0.037 0.012 0.602 0.039 
319 UHA-0268    (0)   :  0.031 0.011 0.032 0.021 0.343 0.004 0.058 0.392 0.004 0.102 
320 UHA-0269    (0)   :  0.006 0.015 0.006 0.041 0.023 0.009 0.006 0.056 0.003 0.835 
321 UHA-0270    (7)   :  0.015 0.112 0.204 0.023 0.084 0.232 0.030 0.156 0.006 0.137 
322 UHA-0271    (0)   :  0.016 0.009 0.070 0.008 0.098 0.381 0.019 0.348 0.020 0.030 
323 UHA-0272    (0)   :  0.005 0.120 0.200 0.004 0.578 0.009 0.016 0.007 0.030 0.031 
324 UHA-0355    (7)   :  0.151 0.189 0.434 0.031 0.003 0.003 0.140 0.002 0.017 0.030 
325 UHA-0356    (0)   :  0.028 0.848 0.007 0.003 0.024 0.004 0.007 0.062 0.006 0.012 
326 UHA-0357    (0)   :  0.008 0.113 0.836 0.010 0.004 0.010 0.008 0.003 0.004 0.004 
327 UHA-0358    (0)   :  0.051 0.044 0.767 0.003 0.003 0.003 0.095 0.013 0.007 0.014 
328 UHA-0359    (0)   :  0.051 0.757 0.016 0.063 0.004 0.028 0.049 0.014 0.009 0.010 
329 UHA-0361   (23)   :  0.071 0.858 0.014 0.015 0.012 0.007 0.009 0.003 0.007 0.005 
330 UHA-0362    (0)   :  0.347 0.358 0.019 0.004 0.015 0.008 0.232 0.006 0.006 0.005 
331 UHA-0363   (15)   :  0.034 0.474 0.361 0.003 0.007 0.006 0.074 0.006 0.027 0.008 
332 UHA-0379    (0)   :  0.002 0.003 0.002 0.003 0.037 0.861 0.002 0.083 0.003 0.003 
333 UHA-0365    (0)   :  0.005 0.964 0.007 0.002 0.003 0.003 0.006 0.002 0.004 0.002 
334 UHA-0366    (0)   :  0.008 0.831 0.027 0.006 0.010 0.005 0.035 0.022 0.010 0.045 
335 UHA-0367    (0)   :  0.010 0.006 0.024 0.023 0.005 0.907 0.006 0.005 0.008 0.007 
336 UHA-0368    (0)   :  0.003 0.003 0.003 0.003 0.004 0.966 0.003 0.002 0.005 0.009 
337 UHA-0369    (0)   :  0.002 0.002 0.002 0.002 0.002 0.980 0.002 0.003 0.002 0.003 
338 UHA-0370    (7)   :  0.006 0.008 0.008 0.004 0.003 0.944 0.004 0.003 0.011 0.009 
339 UHA-0371    (7)   :  0.005 0.005 0.004 0.005 0.111 0.841 0.012 0.006 0.003 0.009 
340 UHA-0372    (7)   :  0.014 0.903 0.024 0.004 0.007 0.004 0.010 0.015 0.014 0.004 
341 UHA-0373   (15)   :  0.911 0.023 0.006 0.005 0.002 0.003 0.028 0.002 0.003 0.017 
342 UHA-0374    (0)   :  0.140 0.273 0.031 0.014 0.002 0.004 0.295 0.005 0.083 0.153 
343 UHA-0375    (0)   :  0.956 0.006 0.005 0.003 0.004 0.004 0.006 0.004 0.007 0.007 
344 UHA-0376    (0)   :  0.043 0.015 0.010 0.002 0.002 0.003 0.902 0.003 0.015 0.005 
345 UHA-0377    (0)   :  0.003 0.003 0.003 0.003 0.002 0.975 0.002 0.003 0.003 0.004 
346 UHA-0378    (0)   :  0.004 0.003 0.002 0.003 0.004 0.970 0.004 0.004 0.003 0.003 
347 UHA-0380    (7)   :  0.006 0.008 0.009 0.005 0.004 0.917 0.015 0.009 0.004 0.024 
348 UHA-0381    (0)   :  0.004 0.004 0.006 0.004 0.002 0.944 0.004 0.003 0.004 0.026 
349 UHA-0382    (0)   :  0.003 0.003 0.003 0.005 0.003 0.963 0.003 0.002 0.008 0.008 
350 UHA-0383   (15)   :  0.004 0.006 0.010 0.012 0.008 0.878 0.008 0.003 0.057 0.014 
351 UHA-0384    (7)   :  0.012 0.007 0.009 0.004 0.002 0.944 0.010 0.003 0.002 0.006 
352 UHA-0385    (0)   :  0.004 0.005 0.017 0.003 0.002 0.954 0.005 0.002 0.004 0.005 
353 UHA-0386    (7)   :  0.002 0.002 0.003 0.002 0.002 0.979 0.002 0.002 0.002 0.003 
354 UHA-0387    (0)   :  0.004 0.008 0.008 0.003 0.002 0.964 0.005 0.002 0.002 0.003 
355 UHA-0388    (0)   :  0.004 0.006 0.003 0.002 0.004 0.963 0.007 0.006 0.002 0.004 
356 UHA-0389    (7)   :  0.011 0.005 0.007 0.005 0.003 0.953 0.005 0.002 0.005 0.003 
357 UHA-0390    (0)   :  0.003 0.002 0.003 0.002 0.003 0.977 0.003 0.003 0.002 0.002 
358 UHA-0391    (0)   :  0.006 0.006 0.003 0.116 0.004 0.843 0.004 0.004 0.002 0.012 
359 UHA-0392    (0)   :  0.002 0.003 0.002 0.003 0.037 0.875 0.002 0.069 0.003 0.003 
360 UHA-0393    (0)   :  0.003 0.005 0.004 0.009 0.005 0.954 0.003 0.005 0.003 0.008 
361 UHA-0394    (0)   :  0.006 0.016 0.031 0.005 0.003 0.901 0.009 0.002 0.007 0.020 
362 UHA-0395    (7)   :  0.039 0.009 0.892 0.007 0.005 0.009 0.024 0.007 0.004 0.005 
363 UHA-0396    (0)   :  0.042 0.006 0.897 0.010 0.004 0.007 0.020 0.003 0.004 0.007 
364 UHA-0397    (7)   :  0.030 0.147 0.090 0.020 0.005 0.018 0.630 0.013 0.041 0.006 
365 UHA-0398    (0)   :  0.061 0.058 0.111 0.006 0.016 0.005 0.140 0.034 0.008 0.561 
366 UHA-0399    (7)   :  0.015 0.021 0.914 0.002 0.003 0.005 0.025 0.002 0.005 0.007 
367 UHA-0400    (0)   :  0.023 0.943 0.008 0.004 0.003 0.002 0.009 0.003 0.003 0.003 
368 UHA-0401   (15)   :  0.133 0.012 0.807 0.007 0.004 0.007 0.011 0.004 0.005 0.010 
369 UHA-0402   (23)   :  0.033 0.198 0.529 0.004 0.005 0.009 0.202 0.003 0.006 0.011 
370 UHA-0404    (0)   :  0.003 0.003 0.021 0.003 0.004 0.936 0.010 0.012 0.003 0.005 
371 UHA-0405    (0)   :  0.053 0.021 0.795 0.011 0.007 0.038 0.041 0.004 0.019 0.011 
372 UHA-0406    (0)   :  0.967 0.005 0.006 0.002 0.002 0.002 0.007 0.003 0.003 0.002 
373 UHA-0407    (0)   :  0.050 0.215 0.137 0.005 0.005 0.003 0.575 0.002 0.003 0.005 
374 UHA-0408    (0)   :  0.003 0.003 0.004 0.003 0.002 0.975 0.004 0.002 0.002 0.003 
375 UHA-0409    (0)   :  0.038 0.080 0.827 0.003 0.019 0.002 0.018 0.006 0.003 0.004 
376 UHA-0410    (0)   :  0.005 0.011 0.003 0.005 0.002 0.949 0.015 0.003 0.003 0.005 
377 UHA-0411    (7)   :  0.019 0.034 0.905 0.002 0.003 0.002 0.024 0.002 0.004 0.003 
378 UHA-0412    (0)   :  0.004 0.011 0.003 0.005 0.002 0.949 0.016 0.003 0.003 0.005 
379 UHA-0413    (0)   :  0.863 0.009 0.046 0.003 0.002 0.042 0.011 0.013 0.004 0.007 
380 UHA-0414    (0)   :  0.004 0.004 0.004 0.002 0.002 0.971 0.003 0.002 0.004 0.003 
381 UHA-0415    (0)   :  0.003 0.003 0.003 0.003 0.002 0.976 0.003 0.002 0.003 0.003 
382 UHA-0416    (0)   :  0.005 0.004 0.006 0.012 0.003 0.952 0.005 0.004 0.002 0.007 
383 UHA-0417    (0)   :  0.005 0.005 0.004 0.003 0.099 0.804 0.010 0.059 0.003 0.009 
384 UHA-0418    (0)   :  0.002 0.002 0.002 0.002 0.002 0.980 0.002 0.003 0.003 0.003 
385 UHA-0419    (0)   :  0.004 0.003 0.002 0.004 0.002 0.971 0.004 0.002 0.004 0.004 
386 UHA-0420    (0)   :  0.854 0.036 0.075 0.005 0.003 0.002 0.014 0.004 0.004 0.003 
387 UHA-0421    (0)   :  0.013 0.921 0.009 0.010 0.005 0.011 0.007 0.009 0.005 0.009 
388 UHA-0422    (0)   :  0.037 0.076 0.023 0.023 0.011 0.785 0.024 0.004 0.004 0.013 
389 UHA-0423    (0)   :  0.004 0.005 0.006 0.009 0.003 0.959 0.005 0.003 0.003 0.003 
390 UHA-0424    (0)   :  0.025 0.152 0.166 0.007 0.002 0.013 0.565 0.004 0.059 0.007 
391 UHA-0425    (0)   :  0.024 0.899 0.010 0.003 0.017 0.002 0.007 0.029 0.003 0.007 
392 UHA-0461    (0)   :  0.032 0.080 0.021 0.003 0.008 0.008 0.793 0.006 0.026 0.023 
393 UHA-0462    (7)   :  0.239 0.011 0.365 0.005 0.003 0.003 0.356 0.009 0.004 0.005 
394 UHA-0463    (7)   :  0.970 0.007 0.005 0.002 0.002 0.002 0.004 0.002 0.003 0.002 
395 UHA-0464    (0)   :  0.962 0.009 0.007 0.002 0.003 0.003 0.005 0.004 0.003 0.003 
396 UHA-0465    (0)   :  0.849 0.020 0.009 0.002 0.027 0.003 0.019 0.059 0.004 0.007 
397 UHA-0466    (0)   :  0.048 0.396 0.370 0.003 0.002 0.004 0.144 0.002 0.026 0.005 
398 UHA-0467    (7)   :  0.041 0.584 0.243 0.005 0.004 0.002 0.101 0.004 0.012 0.005 
399 UHA-0468    (0)   :  0.052 0.012 0.030 0.004 0.009 0.004 0.839 0.023 0.012 0.015 
400 UHA-0469    (0)   :  0.674 0.182 0.032 0.003 0.007 0.004 0.051 0.006 0.012 0.029 
401 UHA-0470    (0)   :  0.009 0.938 0.017 0.004 0.003 0.008 0.008 0.003 0.004 0.006 
402 UHA-0471    (0)   :  0.017 0.869 0.015 0.003 0.002 0.002 0.060 0.002 0.024 0.006 
403 UHA-0472    (7)   :  0.204 0.047 0.711 0.007 0.003 0.003 0.014 0.002 0.004 0.005 
404 UHA-0473    (0)   :  0.019 0.019 0.728 0.004 0.007 0.003 0.186 0.010 0.010 0.013 
405 UHA-0474    (0)   :  0.616 0.065 0.198 0.004 0.003 0.006 0.024 0.005 0.058 0.020 
406 UHA-0475    (0)   :  0.879 0.022 0.054 0.002 0.002 0.002 0.026 0.002 0.007 0.003 
407 UHA-0180    (0)   :  0.009 0.010 0.575 0.004 0.003 0.002 0.387 0.003 0.004 0.004 
408 UHA-0181    (0)   :  0.272 0.379 0.022 0.022 0.004 0.003 0.280 0.006 0.004 0.009 
409 UHA-0182    (7)   :  0.034 0.613 0.018 0.280 0.006 0.002 0.010 0.004 0.027 0.006 
410 UHA-0278    (0)   :  0.002 0.004 0.002 0.974 0.005 0.002 0.002 0.004 0.002 0.002 
411 UHA-0279    (0)   :  0.005 0.005 0.006 0.003 0.002 0.958 0.004 0.003 0.012 0.004 
412 UHA-0280    (0)   :  0.212 0.413 0.038 0.004 0.002 0.004 0.309 0.002 0.010 0.005 
413 UHA-0291    (0)   :  0.002 0.002 0.002 0.002 0.003 0.981 0.002 0.002 0.003 0.002 
414 UHA-0315    (0)   :  0.120 0.280 0.040 0.011 0.004 0.047 0.092 0.022 0.348 0.036 
415 UHA-0328    (0)   :  0.070 0.007 0.040 0.003 0.001 0.003 0.865 0.003 0.003 0.003 
416 UHA-0344    (0)   :  0.901 0.029 0.048 0.002 0.002 0.002 0.005 0.002 0.004 0.005 
417 UHA-0351    (0)   :  0.004 0.003 0.003 0.002 0.966 0.003 0.004 0.010 0.002 0.003 


Estimated Allele Frequencies in each cluster
First column gives estimated ancestral frequencies


Locus 1 : 
10 alleles
1.9% missing data
   4   (0.167) 0.067 0.102 0.065 0.532 0.051 0.394 0.503 0.515 0.023 0.103 
   3   (0.578) 0.738 0.693 0.666 0.380 0.729 0.450 0.427 0.473 0.316 0.742 
   2   (0.115) 0.173 0.047 0.187 0.045 0.081 0.122 0.030 0.010 0.061 0.066 
   9   (0.014) 0.002 0.002 0.002 0.003 0.139 0.000 0.002 0.000 0.002 0.004 
   8   (0.013) 0.002 0.004 0.002 0.010 0.000 0.000 0.002 0.001 0.002 0.019 
   5   (0.046) 0.008 0.141 0.031 0.015 0.000 0.001 0.010 0.000 0.589 0.017 
  10   (0.015) 0.002 0.002 0.002 0.003 0.000 0.000 0.002 0.000 0.002 0.031 
   7   (0.015) 0.002 0.002 0.028 0.003 0.000 0.000 0.018 0.000 0.002 0.004 
   6   (0.016) 0.002 0.002 0.002 0.003 0.000 0.027 0.002 0.000 0.002 0.005 
   1   (0.020) 0.003 0.004 0.016 0.006 0.000 0.005 0.004 0.000 0.003 0.008 

Locus 2 : 
20 alleles
1.0% missing data
