

----------------------------------------------------
STRUCTURE by Pritchard, Stephens and Donnelly (2000)
     and Falush, Stephens and Pritchard (2003)
       Code by Pritchard, Falush and Hubisz
             Version 2.3.4 (Jul 2012)
----------------------------------------------------



Command line arguments:   bin\structure -m C:\Users\eschumacher\Documents\GitHub\USBGHybridAcornsREU2023\Analysis\STRUCTURE\All_Loci\UHA_all_loci_nopop\200-200\mainparams -e C:\Users\eschumacher\Documents\GitHub\USBGHybridAcornsREU2023\Analysis\STRUCTURE\All_Loci\UHA_all_loci_nopop\200-200\extraparams 
Input File:    C:\Users\eschumacher\Documents\GitHub\USBGHybridAcornsREU2023\Analysis\STRUCTURE\All_Loci\UHA_all_loci_nopop\project_data

Run parameters:
   417 individuals
   13 loci
   9 populations assumed
   200000 Burn-in period
   200000 Reps


--------------------------------------------
Overall proportion of membership of the
sample in each of the 9 clusters

Inferred Clusters
  1      2      3      4      5      6      7      8      9    
0.180  0.191  0.056  0.090  0.058  0.039  0.095  0.110  0.180  

--------------------------------------------

Allele-freq. divergence among pops (Net nucleotide distance),
computed using point estimates of P.

      1       2       3       4       5       6       7       8       9      
 1      -    0.2112  0.2070  0.1938  0.1767  0.1333  0.1752  0.1816  0.2090  
 2   0.2112     -    0.1026  0.2111  0.2164  0.1578  0.1867  0.2026  0.0977  
 3   0.2070  0.1026     -    0.2249  0.2286  0.1919  0.2175  0.2178  0.1041  
 4   0.1938  0.2111  0.2249     -    0.1180  0.0774  0.0266  0.0283  0.1794  
 5   0.1767  0.2164  0.2286  0.1180     -    0.0857  0.1070  0.1088  0.1978  
 6   0.1333  0.1578  0.1919  0.0774  0.0857     -    0.0671  0.0769  0.1504  
 7   0.1752  0.1867  0.2175  0.0266  0.1070  0.0671     -    0.0220  0.1896  
 8   0.1816  0.2026  0.2178  0.0283  0.1088  0.0769  0.0220     -    0.1886  
 9   0.2090  0.0977  0.1041  0.1794  0.1978  0.1504  0.1896  0.1886     -    

Average distances (expected heterozygosity) between individuals in same cluster:
cluster  1  : 0.5063 
cluster  2  : 0.5226 
cluster  3  : 0.4284 
cluster  4  : 0.6849 
cluster  5  : 0.6590 
cluster  6  : 0.7965 
cluster  7  : 0.7098 
cluster  8  : 0.6854 
cluster  9  : 0.5393 

--------------------------------------------
Estimated Ln Prob of Data   = -14934.7
Mean value of ln likelihood = -14383.4
Variance of ln likelihood   = 1102.7
Mean value of alpha         = 0.0318

Mean value of Fst_1         = 0.1931
Mean value of Fst_2         = 0.4436
Mean value of Fst_3         = 0.4990
Mean value of Fst_4         = 0.0970
Mean value of Fst_5         = 0.1547
Mean value of Fst_6         = 0.0863
Mean value of Fst_7         = 0.0764
Mean value of Fst_8         = 0.0875
Mean value of Fst_9         = 0.3992


Inferred ancestry of individuals:
        Label (%Miss) :  Inferred clusters
  1 UHA-0126    (0)   :  0.014 0.004 0.007 0.011 0.004 0.006 0.006 0.004 0.945 
  2 UHA-0127   (15)   :  0.004 0.007 0.004 0.002 0.002 0.002 0.002 0.002 0.974 
  3 UHA-0135    (0)   :  0.008 0.793 0.027 0.003 0.003 0.003 0.005 0.004 0.154 
  4 UHA-0166    (0)   :  0.005 0.125 0.015 0.014 0.037 0.015 0.016 0.024 0.749 
  5 UHA-0169    (0)   :  0.011 0.011 0.007 0.006 0.007 0.240 0.023 0.009 0.686 
  6 UHA-0058    (7)   :  0.004 0.955 0.014 0.004 0.003 0.003 0.003 0.003 0.013 
  7 UHA-0020    (0)   :  0.002 0.982 0.003 0.002 0.002 0.002 0.002 0.002 0.005 
  8 UHA-0023   (15)   :  0.002 0.968 0.008 0.002 0.002 0.002 0.002 0.002 0.010 
  9 UHA-0025    (0)   :  0.005 0.708 0.262 0.006 0.002 0.003 0.005 0.004 0.005 
 10 UHA-0026    (7)   :  0.003 0.946 0.005 0.004 0.003 0.003 0.003 0.003 0.031 
 11 UHA-0027    (0)   :  0.002 0.977 0.005 0.002 0.002 0.002 0.003 0.002 0.004 
 12 UHA-0028    (0)   :  0.002 0.981 0.003 0.002 0.002 0.002 0.002 0.002 0.005 
 13 UHA-0099    (0)   :  0.009 0.555 0.419 0.003 0.003 0.003 0.003 0.003 0.003 
 14 UHA-0029    (0)   :  0.003 0.979 0.004 0.002 0.002 0.002 0.002 0.002 0.004 
 15 UHA-0043   (15)   :  0.004 0.963 0.008 0.003 0.004 0.003 0.004 0.003 0.009 
 16 UHA-0045    (0)   :  0.002 0.976 0.005 0.003 0.002 0.002 0.003 0.002 0.006 
 17 UHA-0047    (0)   :  0.009 0.949 0.016 0.004 0.003 0.003 0.003 0.003 0.010 
 18 UHA-0050    (0)   :  0.003 0.856 0.003 0.010 0.005 0.005 0.004 0.005 0.108 
 19 UHA-0052    (0)   :  0.004 0.932 0.006 0.007 0.005 0.015 0.015 0.003 0.012 
 20 UHA-0056    (7)   :  0.005 0.110 0.611 0.003 0.002 0.002 0.003 0.003 0.262 
 21 UHA-0068    (7)   :  0.004 0.008 0.013 0.003 0.003 0.002 0.003 0.003 0.961 
 22 UHA-0070    (0)   :  0.003 0.003 0.004 0.002 0.002 0.002 0.002 0.002 0.979 
 23 UHA-0071    (7)   :  0.003 0.004 0.006 0.003 0.002 0.002 0.002 0.003 0.976 
 24 UHA-0075   (15)   :  0.004 0.230 0.060 0.005 0.005 0.003 0.013 0.017 0.662 
 25 UHA-0077    (0)   :  0.002 0.012 0.015 0.002 0.003 0.002 0.002 0.003 0.959 
 26 UHA-0079    (0)   :  0.002 0.004 0.003 0.002 0.002 0.002 0.002 0.002 0.980 
 27 UHA-0080    (7)   :  0.006 0.002 0.004 0.019 0.004 0.003 0.014 0.023 0.925 
 28 UHA-0081    (7)   :  0.002 0.004 0.003 0.002 0.002 0.002 0.002 0.002 0.979 
 29 UHA-0093   (15)   :  0.003 0.004 0.006 0.002 0.002 0.002 0.002 0.002 0.976 
 30 UHA-0094    (0)   :  0.002 0.004 0.002 0.002 0.002 0.002 0.002 0.002 0.980 
 31 UHA-0095    (0)   :  0.003 0.007 0.004 0.003 0.002 0.003 0.002 0.002 0.973 
 32 UHA-0096   (23)   :  0.003 0.026 0.006 0.003 0.003 0.003 0.003 0.003 0.951 
 33 UHA-0097    (7)   :  0.002 0.005 0.004 0.003 0.002 0.003 0.002 0.002 0.977 
 34 UHA-0098    (0)   :  0.003 0.981 0.003 0.002 0.002 0.002 0.002 0.002 0.004 
 35 UHA-0101   (15)   :  0.007 0.974 0.003 0.003 0.002 0.003 0.003 0.003 0.003 
 36 UHA-0105    (0)   :  0.002 0.961 0.019 0.002 0.002 0.003 0.004 0.004 0.004 
 37 UHA-0109    (0)   :  0.004 0.977 0.003 0.002 0.002 0.002 0.002 0.003 0.003 
 38 UHA-0111    (0)   :  0.004 0.876 0.088 0.002 0.002 0.004 0.004 0.004 0.016 
 39 UHA-0112    (7)   :  0.003 0.003 0.004 0.003 0.003 0.002 0.002 0.003 0.978 
 40 UHA-0298    (0)   :  0.003 0.946 0.015 0.005 0.002 0.003 0.003 0.003 0.019 
 41 UHA-0021    (0)   :  0.002 0.966 0.004 0.004 0.002 0.004 0.009 0.004 0.004 
 42 UHA-0022    (0)   :  0.002 0.978 0.007 0.002 0.002 0.002 0.002 0.002 0.004 
 43 UHA-0048    (0)   :  0.002 0.980 0.005 0.002 0.002 0.002 0.002 0.002 0.003 
 44 UHA-0049    (0)   :  0.002 0.980 0.003 0.002 0.002 0.002 0.002 0.002 0.005 
 45 UHA-0053    (0)   :  0.002 0.977 0.004 0.002 0.002 0.002 0.002 0.002 0.005 
 46 UHA-0054    (0)   :  0.002 0.979 0.003 0.002 0.002 0.002 0.003 0.002 0.005 
 47 UHA-0055    (0)   :  0.002 0.644 0.019 0.003 0.004 0.006 0.003 0.002 0.316 
 48 UHA-0069    (0)   :  0.002 0.003 0.004 0.002 0.002 0.002 0.002 0.002 0.981 
 49 UHA-0072    (0)   :  0.003 0.011 0.006 0.002 0.002 0.002 0.003 0.003 0.968 
 50 UHA-0073    (0)   :  0.002 0.003 0.004 0.002 0.002 0.002 0.002 0.002 0.981 
 51 UHA-0074    (0)   :  0.009 0.577 0.009 0.003 0.003 0.005 0.004 0.004 0.387 
 52 UHA-0076    (0)   :  0.002 0.004 0.004 0.002 0.002 0.002 0.002 0.002 0.979 
 53 UHA-0100    (0)   :  0.004 0.401 0.573 0.002 0.003 0.006 0.003 0.003 0.004 
 54 UHA-0102    (0)   :  0.003 0.976 0.007 0.002 0.002 0.002 0.002 0.002 0.004 
 55 UHA-0106    (0)   :  0.002 0.981 0.003 0.002 0.002 0.002 0.002 0.002 0.004 
 56 UHA-0110    (0)   :  0.017 0.716 0.236 0.002 0.003 0.004 0.004 0.003 0.015 
 57 UHA-0036    (7)   :  0.003 0.976 0.005 0.002 0.002 0.002 0.002 0.002 0.005 
 58 UHA-0037    (0)   :  0.004 0.911 0.006 0.012 0.006 0.007 0.009 0.011 0.035 
 59 UHA-0038    (0)   :  0.002 0.810 0.004 0.007 0.003 0.004 0.004 0.005 0.162 
 60 UHA-0089    (0)   :  0.002 0.002 0.004 0.002 0.002 0.002 0.002 0.002 0.981 
 61 UHA-0040    (0)   :  0.003 0.895 0.011 0.004 0.002 0.002 0.003 0.003 0.077 
 62 UHA-0041    (0)   :  0.002 0.979 0.004 0.002 0.002 0.002 0.002 0.002 0.005 
 63 UHA-0090    (0)   :  0.002 0.004 0.003 0.002 0.002 0.002 0.002 0.002 0.981 
 64 UHA-0059    (0)   :  0.002 0.982 0.005 0.002 0.002 0.002 0.002 0.002 0.003 
 65 UHA-0063    (0)   :  0.964 0.005 0.003 0.002 0.006 0.003 0.003 0.003 0.011 
 66 UHA-0082    (0)   :  0.002 0.006 0.004 0.002 0.002 0.002 0.002 0.002 0.978 
 67 UHA-0083    (0)   :  0.003 0.004 0.007 0.002 0.003 0.002 0.003 0.003 0.974 
 68 UHA-0084    (0)   :  0.003 0.008 0.009 0.002 0.002 0.002 0.002 0.003 0.968 
 69 UHA-0085    (0)   :  0.003 0.006 0.012 0.002 0.002 0.002 0.002 0.003 0.969 
 70 UHA-0086    (0)   :  0.003 0.005 0.007 0.002 0.002 0.002 0.002 0.003 0.974 
 71 UHA-0087    (0)   :  0.003 0.003 0.010 0.002 0.003 0.002 0.002 0.003 0.973 
 72 UHA-0088    (0)   :  0.003 0.005 0.014 0.003 0.003 0.002 0.002 0.003 0.965 
 73 UHA-0091    (0)   :  0.003 0.004 0.007 0.002 0.002 0.002 0.002 0.003 0.974 
 74 UHA-0113    (0)   :  0.002 0.978 0.006 0.002 0.002 0.002 0.002 0.002 0.004 
 75 UHA-0114    (7)   :  0.002 0.982 0.003 0.002 0.002 0.002 0.002 0.002 0.004 
 76 UHA-0115    (7)   :  0.007 0.452 0.517 0.004 0.003 0.003 0.003 0.003 0.008 
 77 UHA-0116    (0)   :  0.003 0.976 0.005 0.002 0.002 0.002 0.002 0.002 0.005 
 78 UHA-0118    (0)   :  0.002 0.978 0.004 0.002 0.002 0.002 0.002 0.002 0.007 
 79 UHA-0119    (0)   :  0.004 0.976 0.005 0.002 0.002 0.002 0.002 0.002 0.004 
 80 UHA-0120    (0)   :  0.002 0.979 0.003 0.002 0.002 0.002 0.002 0.002 0.005 
 81 UHA-0121    (0)   :  0.002 0.982 0.003 0.002 0.002 0.002 0.002 0.002 0.004 
 82 UHA-0122    (0)   :  0.004 0.979 0.004 0.002 0.002 0.002 0.002 0.002 0.003 
 83 UHA-0123    (0)   :  0.002 0.065 0.004 0.002 0.002 0.002 0.002 0.002 0.918 
 84 UHA-0124    (7)   :  0.003 0.825 0.006 0.004 0.002 0.003 0.004 0.003 0.152 
 85 UHA-0125    (0)   :  0.005 0.229 0.074 0.011 0.014 0.009 0.014 0.021 0.624 
 86 UHA-0128    (7)   :  0.006 0.004 0.008 0.003 0.002 0.002 0.003 0.003 0.968 
 87 UHA-0129    (7)   :  0.006 0.005 0.006 0.002 0.002 0.002 0.002 0.002 0.971 
 88 UHA-0130    (0)   :  0.002 0.004 0.004 0.002 0.002 0.002 0.002 0.002 0.978 
 89 UHA-0131    (0)   :  0.007 0.017 0.018 0.017 0.017 0.010 0.013 0.022 0.879 
 90 UHA-0132    (0)   :  0.012 0.132 0.004 0.004 0.006 0.010 0.007 0.015 0.809 
 91 UHA-0133    (7)   :  0.005 0.028 0.006 0.003 0.004 0.003 0.003 0.003 0.946 
 92 UHA-0134    (7)   :  0.002 0.006 0.004 0.003 0.002 0.002 0.003 0.002 0.976 
 93 UHA-0136    (0)   :  0.005 0.004 0.006 0.002 0.002 0.002 0.002 0.002 0.976 
 94 UHA-0137    (0)   :  0.002 0.004 0.004 0.002 0.002 0.002 0.002 0.002 0.980 
 95 UHA-0138    (0)   :  0.020 0.053 0.003 0.746 0.013 0.038 0.032 0.010 0.085 
 96 UHA-0139    (0)   :  0.003 0.847 0.004 0.009 0.003 0.002 0.004 0.003 0.125 
 97 UHA-0140    (0)   :  0.009 0.372 0.017 0.008 0.009 0.025 0.023 0.005 0.533 
 98 UHA-0141    (0)   :  0.011 0.825 0.009 0.007 0.003 0.004 0.004 0.005 0.132 
 99 UHA-0143    (0)   :  0.007 0.016 0.006 0.002 0.002 0.002 0.002 0.002 0.960 
100 UHA-0144    (0)   :  0.005 0.005 0.005 0.002 0.003 0.002 0.003 0.002 0.973 
101 UHA-0146    (7)   :  0.005 0.010 0.004 0.003 0.002 0.002 0.002 0.004 0.969 
102 UHA-0147    (7)   :  0.003 0.027 0.003 0.003 0.003 0.003 0.004 0.003 0.952 
103 UHA-0150    (0)   :  0.003 0.009 0.486 0.006 0.003 0.003 0.004 0.004 0.483 
104 UHA-0162    (7)   :  0.012 0.005 0.571 0.040 0.012 0.081 0.054 0.216 0.010 
105 UHA-0163    (0)   :  0.002 0.006 0.975 0.002 0.002 0.002 0.002 0.002 0.005 
106 UHA-0164   (15)   :  0.004 0.012 0.021 0.004 0.004 0.003 0.004 0.003 0.946 
107 UHA-0165    (0)   :  0.002 0.007 0.005 0.002 0.002 0.002 0.002 0.002 0.976 
108 UHA-0167   (23)   :  0.004 0.768 0.007 0.010 0.010 0.006 0.007 0.008 0.179 
109 UHA-0148    (0)   :  0.019 0.004 0.661 0.015 0.264 0.006 0.016 0.007 0.008 
110 UHA-0151    (0)   :  0.004 0.166 0.749 0.010 0.004 0.003 0.006 0.006 0.050 
111 UHA-0152    (0)   :  0.003 0.316 0.623 0.002 0.002 0.002 0.002 0.002 0.048 
112 UHA-0153    (0)   :  0.002 0.310 0.671 0.002 0.002 0.002 0.002 0.002 0.007 
113 UHA-0154    (0)   :  0.002 0.020 0.918 0.002 0.002 0.002 0.002 0.002 0.049 
114 UHA-0155    (0)   :  0.006 0.337 0.612 0.003 0.003 0.005 0.006 0.007 0.022 
115 UHA-0156    (0)   :  0.012 0.008 0.598 0.007 0.006 0.266 0.029 0.006 0.068 
116 UHA-0157    (7)   :  0.003 0.004 0.979 0.002 0.002 0.002 0.002 0.002 0.005 
117 UHA-0158    (0)   :  0.014 0.007 0.606 0.004 0.003 0.005 0.004 0.009 0.348 
118 UHA-0159    (0)   :  0.004 0.636 0.334 0.006 0.003 0.003 0.003 0.004 0.008 
119 UHA-0160    (0)   :  0.008 0.427 0.540 0.003 0.002 0.008 0.003 0.003 0.007 
120 UHA-0161    (0)   :  0.003 0.305 0.637 0.002 0.002 0.002 0.002 0.002 0.044 
121 UHA-0426    (0)   :  0.004 0.009 0.008 0.005 0.004 0.004 0.011 0.025 0.930 
122 UHA-0427    (0)   :  0.003 0.456 0.005 0.003 0.002 0.002 0.002 0.002 0.525 
123 UHA-0428    (0)   :  0.002 0.003 0.004 0.002 0.002 0.002 0.002 0.002 0.980 
124 UHA-0429    (0)   :  0.003 0.004 0.979 0.002 0.002 0.002 0.002 0.002 0.003 
125 UHA-0430    (0)   :  0.003 0.316 0.656 0.002 0.002 0.002 0.002 0.002 0.014 
126 UHA-0431    (0)   :  0.003 0.375 0.607 0.003 0.002 0.002 0.003 0.002 0.004 
127 UHA-0432    (7)   :  0.004 0.006 0.963 0.003 0.003 0.003 0.003 0.003 0.012 
128 UHA-0433    (0)   :  0.003 0.005 0.976 0.002 0.002 0.002 0.002 0.002 0.007 
129 UHA-0434    (0)   :  0.006 0.004 0.443 0.006 0.018 0.004 0.005 0.004 0.510 
130 UHA-0435    (0)   :  0.019 0.032 0.034 0.005 0.003 0.004 0.004 0.015 0.885 
131 UHA-0436    (0)   :  0.002 0.005 0.003 0.002 0.002 0.002 0.002 0.002 0.979 
132 UHA-0437    (0)   :  0.003 0.091 0.008 0.002 0.002 0.002 0.002 0.002 0.888 
133 UHA-0438    (0)   :  0.016 0.012 0.005 0.003 0.003 0.003 0.003 0.004 0.951 
134 UHA-0439    (0)   :  0.003 0.803 0.045 0.002 0.002 0.002 0.002 0.002 0.138 
135 UHA-0440    (0)   :  0.003 0.976 0.004 0.002 0.002 0.002 0.002 0.002 0.006 
136 UHA-0441    (0)   :  0.002 0.976 0.005 0.002 0.002 0.002 0.002 0.002 0.009 
137 UHA-0442    (0)   :  0.002 0.977 0.004 0.002 0.002 0.002 0.002 0.002 0.007 
138 UHA-0443    (0)   :  0.003 0.980 0.003 0.002 0.002 0.002 0.002 0.002 0.004 
139 UHA-0444    (0)   :  0.002 0.979 0.003 0.002 0.002 0.002 0.002 0.002 0.005 
140 UHA-0445    (0)   :  0.002 0.978 0.007 0.002 0.002 0.002 0.002 0.002 0.004 
141 UHA-0446    (0)   :  0.006 0.748 0.039 0.017 0.003 0.004 0.028 0.017 0.137 
142 UHA-0447    (0)   :  0.003 0.980 0.003 0.002 0.002 0.002 0.002 0.002 0.003 
143 UHA-0448    (0)   :  0.002 0.980 0.003 0.002 0.002 0.002 0.002 0.002 0.005 
144 UHA-0449    (0)   :  0.004 0.980 0.004 0.002 0.002 0.002 0.002 0.002 0.002 
145 UHA-0450    (0)   :  0.003 0.978 0.003 0.002 0.003 0.002 0.002 0.002 0.004 
146 UHA-0451    (0)   :  0.002 0.978 0.004 0.002 0.002 0.002 0.002 0.002 0.005 
147 UHA-0452    (0)   :  0.004 0.980 0.004 0.002 0.002 0.002 0.002 0.002 0.003 
148 UHA-0453    (0)   :  0.003 0.978 0.004 0.002 0.002 0.002 0.002 0.002 0.005 
149 UHA-0454    (0)   :  0.003 0.981 0.004 0.002 0.002 0.002 0.002 0.002 0.003 
150 UHA-0455    (0)   :  0.002 0.982 0.004 0.002 0.002 0.002 0.002 0.002 0.003 
151 UHA-0456    (0)   :  0.002 0.979 0.004 0.002 0.002 0.002 0.002 0.002 0.004 
152 UHA-0457    (0)   :  0.017 0.868 0.087 0.005 0.002 0.006 0.006 0.006 0.002 
153 UHA-0458    (0)   :  0.004 0.708 0.267 0.005 0.002 0.004 0.003 0.004 0.003 
154 UHA-0459    (0)   :  0.010 0.893 0.063 0.003 0.002 0.004 0.005 0.005 0.015 
155 UHA-0460    (0)   :  0.003 0.981 0.003 0.002 0.002 0.002 0.002 0.002 0.004 
156 UHA-0001    (0)   :  0.971 0.003 0.003 0.006 0.003 0.003 0.003 0.007 0.002 
157 UHA-0002    (0)   :  0.701 0.004 0.004 0.082 0.004 0.026 0.034 0.140 0.005 
158 UHA-0003    (0)   :  0.829 0.058 0.014 0.009 0.005 0.007 0.024 0.050 0.003 
159 UHA-0004    (7)   :  0.002 0.006 0.003 0.004 0.967 0.003 0.006 0.007 0.002 
160 UHA-0005    (0)   :  0.011 0.004 0.011 0.007 0.948 0.005 0.006 0.005 0.003 
161 UHA-0006    (0)   :  0.003 0.005 0.010 0.019 0.911 0.005 0.009 0.033 0.005 
162 UHA-0007    (0)   :  0.016 0.004 0.007 0.259 0.005 0.005 0.088 0.613 0.004 
163 UHA-0008    (0)   :  0.005 0.005 0.006 0.912 0.005 0.004 0.050 0.007 0.006 
164 UHA-0009    (0)   :  0.031 0.016 0.005 0.004 0.002 0.005 0.003 0.003 0.931 
165 UHA-0010    (7)   :  0.003 0.021 0.004 0.003 0.003 0.002 0.003 0.003 0.960 
166 UHA-0011    (0)   :  0.002 0.005 0.005 0.002 0.002 0.002 0.002 0.002 0.978 
167 UHA-0012    (0)   :  0.002 0.002 0.981 0.002 0.002 0.002 0.002 0.002 0.004 
168 UHA-0013    (0)   :  0.004 0.009 0.027 0.005 0.003 0.003 0.008 0.006 0.935 
169 UHA-0014    (0)   :  0.003 0.003 0.004 0.002 0.002 0.002 0.002 0.003 0.979 
170 UHA-0015    (0)   :  0.116 0.011 0.003 0.003 0.002 0.006 0.002 0.002 0.855 
171 UHA-0016   (15)   :  0.003 0.007 0.011 0.003 0.003 0.002 0.003 0.003 0.966 
172 UHA-0017    (7)   :  0.004 0.004 0.004 0.007 0.020 0.015 0.030 0.910 0.006 
173 UHA-0018    (7)   :  0.003 0.002 0.003 0.041 0.006 0.004 0.062 0.876 0.004 
174 UHA-0183    (7)   :  0.978 0.003 0.002 0.003 0.003 0.003 0.003 0.003 0.002 
175 UHA-0184    (0)   :  0.976 0.002 0.003 0.003 0.002 0.006 0.003 0.002 0.003 
176 UHA-0186    (0)   :  0.859 0.002 0.116 0.005 0.003 0.003 0.004 0.006 0.002 
177 UHA-0187    (0)   :  0.951 0.002 0.007 0.005 0.013 0.004 0.005 0.007 0.006 
178 UHA-0188    (0)   :  0.964 0.010 0.003 0.003 0.005 0.003 0.003 0.004 0.005 
179 UHA-0191    (0)   :  0.977 0.002 0.003 0.003 0.002 0.005 0.003 0.002 0.003 
180 UHA-0193    (7)   :  0.003 0.003 0.002 0.009 0.948 0.009 0.009 0.010 0.008 
181 UHA-0194   (15)   :  0.009 0.014 0.002 0.009 0.846 0.090 0.017 0.012 0.002 
182 UHA-0195   (23)   :  0.005 0.002 0.002 0.024 0.944 0.004 0.008 0.007 0.002 
183 UHA-0196    (7)   :  0.025 0.007 0.006 0.004 0.599 0.340 0.009 0.007 0.003 
184 UHA-0197   (15)   :  0.003 0.005 0.002 0.003 0.973 0.004 0.003 0.003 0.003 
185 UHA-0198    (7)   :  0.004 0.003 0.002 0.145 0.759 0.015 0.044 0.026 0.003 
186 UHA-0202    (7)   :  0.007 0.006 0.002 0.142 0.529 0.237 0.041 0.024 0.011 
187 UHA-0205    (7)   :  0.004 0.003 0.005 0.009 0.961 0.004 0.005 0.006 0.003 
188 UHA-0207    (7)   :  0.002 0.006 0.003 0.004 0.966 0.003 0.006 0.007 0.002 
189 UHA-0208    (7)   :  0.005 0.006 0.006 0.042 0.661 0.008 0.023 0.243 0.005 
190 UHA-0210    (7)   :  0.012 0.386 0.020 0.055 0.104 0.076 0.033 0.127 0.185 
191 UHA-0211    (7)   :  0.009 0.002 0.002 0.004 0.005 0.970 0.002 0.003 0.003 
192 UHA-0212   (15)   :  0.008 0.002 0.002 0.003 0.005 0.972 0.002 0.003 0.002 
193 UHA-0213    (0)   :  0.606 0.002 0.005 0.004 0.032 0.339 0.004 0.004 0.004 
194 UHA-0214    (0)   :  0.401 0.002 0.002 0.003 0.005 0.581 0.002 0.003 0.002 
195 UHA-0215    (0)   :  0.603 0.021 0.011 0.022 0.123 0.009 0.024 0.180 0.007 
196 UHA-0216   (15)   :  0.625 0.003 0.003 0.058 0.052 0.014 0.081 0.160 0.005 
197 UHA-0217    (0)   :  0.795 0.012 0.004 0.034 0.031 0.035 0.041 0.027 0.020 
198 UHA-0218    (0)   :  0.669 0.009 0.016 0.030 0.008 0.011 0.196 0.058 0.003 
199 UHA-0219   (15)   :  0.090 0.004 0.013 0.095 0.047 0.008 0.011 0.725 0.007 
200 UHA-0220    (0)   :  0.390 0.008 0.003 0.035 0.008 0.032 0.197 0.323 0.004 
201 UHA-0221    (0)   :  0.005 0.002 0.004 0.007 0.951 0.006 0.005 0.015 0.004 
202 UHA-0222    (7)   :  0.004 0.002 0.005 0.005 0.961 0.005 0.004 0.010 0.004 
203 UHA-0223    (0)   :  0.013 0.005 0.006 0.016 0.158 0.006 0.045 0.749 0.003 
204 UHA-0224    (0)   :  0.003 0.006 0.008 0.003 0.003 0.002 0.002 0.002 0.972 
205 UHA-0225    (0)   :  0.078 0.013 0.004 0.007 0.028 0.024 0.016 0.826 0.005 
206 UHA-0226    (0)   :  0.011 0.003 0.005 0.013 0.180 0.008 0.086 0.688 0.005 
207 UHA-0227    (0)   :  0.004 0.034 0.003 0.013 0.004 0.003 0.039 0.811 0.089 
208 UHA-0228    (0)   :  0.002 0.003 0.003 0.014 0.003 0.003 0.029 0.941 0.003 
209 UHA-0229    (7)   :  0.005 0.004 0.003 0.007 0.020 0.014 0.029 0.913 0.006 
210 UHA-0230    (7)   :  0.197 0.015 0.020 0.277 0.096 0.078 0.096 0.204 0.018 
211 UHA-0231    (0)   :  0.006 0.003 0.004 0.910 0.004 0.006 0.009 0.053 0.005 
212 UHA-0232    (0)   :  0.010 0.004 0.005 0.026 0.031 0.008 0.088 0.825 0.003 
213 UHA-0233    (7)   :  0.043 0.005 0.004 0.441 0.188 0.017 0.036 0.260 0.006 
214 UHA-0238    (7)   :  0.037 0.004 0.004 0.067 0.094 0.017 0.381 0.384 0.012 
215 UHA-0239    (0)   :  0.009 0.010 0.009 0.110 0.009 0.021 0.595 0.152 0.085 
216 UHA-0240    (0)   :  0.003 0.002 0.003 0.028 0.005 0.008 0.619 0.329 0.004 
217 UHA-0241    (0)   :  0.002 0.002 0.002 0.869 0.004 0.003 0.010 0.104 0.004 
218 UHA-0242    (0)   :  0.002 0.002 0.003 0.824 0.006 0.004 0.023 0.133 0.003 
219 UHA-0243    (7)   :  0.002 0.002 0.002 0.178 0.006 0.003 0.790 0.015 0.002 
220 UHA-0244    (0)   :  0.024 0.006 0.006 0.809 0.012 0.006 0.070 0.057 0.010 
221 UHA-0245    (7)   :  0.072 0.005 0.005 0.010 0.006 0.013 0.007 0.878 0.004 
222 UHA-0246    (7)   :  0.004 0.004 0.004 0.829 0.005 0.006 0.012 0.132 0.005 
223 UHA-0247    (7)   :  0.006 0.004 0.005 0.073 0.014 0.006 0.865 0.019 0.007 
224 UHA-0248    (0)   :  0.073 0.169 0.004 0.006 0.009 0.653 0.004 0.009 0.072 
225 UHA-0249    (7)   :  0.031 0.022 0.005 0.007 0.102 0.764 0.005 0.016 0.050 
226 UHA-0251    (0)   :  0.016 0.003 0.005 0.007 0.026 0.929 0.005 0.006 0.003 
227 UHA-0252    (7)   :  0.002 0.014 0.008 0.004 0.102 0.842 0.006 0.012 0.008 
228 UHA-0254    (7)   :  0.005 0.003 0.002 0.027 0.004 0.911 0.005 0.040 0.003 
229 UHA-0255    (7)   :  0.003 0.005 0.003 0.008 0.108 0.834 0.011 0.016 0.012 
230 UHA-0256   (15)   :  0.039 0.011 0.037 0.010 0.004 0.043 0.018 0.072 0.766 
231 UHA-0257    (0)   :  0.003 0.979 0.003 0.002 0.002 0.002 0.002 0.003 0.003 
232 UHA-0258    (7)   :  0.007 0.043 0.880 0.004 0.002 0.004 0.006 0.006 0.048 
233 UHA-0259    (7)   :  0.039 0.010 0.014 0.005 0.004 0.006 0.033 0.016 0.875 
234 UHA-0260    (0)   :  0.002 0.981 0.003 0.002 0.002 0.002 0.002 0.002 0.005 
235 UHA-0261    (0)   :  0.003 0.964 0.005 0.004 0.003 0.002 0.003 0.003 0.013 
236 UHA-0262    (0)   :  0.004 0.003 0.007 0.002 0.003 0.002 0.002 0.003 0.974 
237 UHA-0263    (0)   :  0.002 0.004 0.004 0.002 0.002 0.002 0.002 0.002 0.979 
238 UHA-0264    (0)   :  0.004 0.005 0.082 0.007 0.003 0.003 0.004 0.004 0.889 
239 UHA-0265    (0)   :  0.002 0.003 0.003 0.003 0.002 0.002 0.002 0.003 0.979 
240 UHA-0266    (7)   :  0.002 0.007 0.006 0.003 0.002 0.002 0.002 0.002 0.972 
241 UHA-0267    (0)   :  0.002 0.003 0.003 0.002 0.002 0.002 0.002 0.002 0.982 
242 UHA-0273    (7)   :  0.013 0.034 0.003 0.004 0.711 0.195 0.011 0.008 0.021 
243 UHA-0282    (0)   :  0.004 0.004 0.002 0.569 0.008 0.004 0.150 0.258 0.002 
244 UHA-0283    (7)   :  0.972 0.002 0.004 0.003 0.003 0.004 0.003 0.004 0.004 
245 UHA-0284    (0)   :  0.004 0.006 0.011 0.021 0.015 0.004 0.045 0.889 0.005 
246 UHA-0285    (0)   :  0.980 0.002 0.002 0.003 0.003 0.003 0.002 0.002 0.002 
247 UHA-0286    (0)   :  0.697 0.007 0.011 0.078 0.003 0.030 0.162 0.009 0.003 
248 UHA-0287   (23)   :  0.966 0.002 0.003 0.003 0.006 0.010 0.003 0.004 0.003 
249 UHA-0288    (7)   :  0.005 0.003 0.311 0.021 0.005 0.011 0.040 0.601 0.003 
250 UHA-0289    (7)   :  0.004 0.002 0.002 0.930 0.003 0.013 0.018 0.026 0.003 
251 UHA-0294    (7)   :  0.006 0.004 0.003 0.935 0.014 0.006 0.012 0.011 0.007 
252 UHA-0295   (15)   :  0.015 0.006 0.020 0.409 0.061 0.007 0.383 0.091 0.008 
253 UHA-0299    (0)   :  0.003 0.005 0.002 0.465 0.004 0.004 0.491 0.020 0.006 
254 UHA-0300    (0)   :  0.938 0.002 0.002 0.003 0.017 0.025 0.003 0.006 0.002 
255 UHA-0301    (0)   :  0.002 0.002 0.002 0.189 0.003 0.003 0.007 0.786 0.005 
256 UHA-0302    (7)   :  0.003 0.003 0.003 0.007 0.004 0.003 0.009 0.961 0.006 
257 UHA-0303    (0)   :  0.010 0.003 0.235 0.212 0.013 0.006 0.030 0.485 0.005 
258 UHA-0304    (0)   :  0.016 0.006 0.002 0.011 0.003 0.033 0.180 0.744 0.005 
259 UHA-0305    (7)   :  0.003 0.002 0.009 0.171 0.003 0.005 0.007 0.798 0.003 
260 UHA-0306   (15)   :  0.003 0.005 0.011 0.224 0.005 0.006 0.022 0.720 0.004 
261 UHA-0307    (0)   :  0.003 0.005 0.004 0.006 0.004 0.003 0.968 0.005 0.003 
262 UHA-0308   (15)   :  0.006 0.002 0.003 0.098 0.010 0.005 0.039 0.834 0.003 
263 UHA-0309    (0)   :  0.005 0.002 0.002 0.007 0.004 0.008 0.960 0.010 0.002 
264 UHA-0310    (0)   :  0.002 0.003 0.002 0.064 0.011 0.006 0.891 0.018 0.002 
265 UHA-0311    (0)   :  0.969 0.002 0.002 0.010 0.004 0.004 0.003 0.003 0.002 
266 UHA-0312    (7)   :  0.013 0.003 0.003 0.026 0.007 0.008 0.439 0.497 0.003 
267 UHA-0313    (0)   :  0.016 0.003 0.003 0.025 0.004 0.008 0.648 0.290 0.003 
268 UHA-0314   (23)   :  0.955 0.009 0.005 0.006 0.004 0.007 0.004 0.003 0.008 
269 UHA-0316    (0)   :  0.005 0.013 0.004 0.051 0.006 0.006 0.893 0.016 0.007 
270 UHA-0317    (7)   :  0.018 0.103 0.002 0.667 0.007 0.012 0.160 0.021 0.009 
271 UHA-0318    (7)   :  0.003 0.003 0.003 0.015 0.006 0.006 0.417 0.543 0.004 
272 UHA-0319    (0)   :  0.976 0.002 0.002 0.004 0.005 0.002 0.004 0.002 0.002 
273 UHA-0320    (0)   :  0.904 0.004 0.003 0.005 0.004 0.004 0.003 0.003 0.069 
274 UHA-0321    (7)   :  0.003 0.003 0.002 0.017 0.006 0.009 0.014 0.942 0.005 
275 UHA-0322    (0)   :  0.009 0.005 0.002 0.006 0.011 0.005 0.939 0.014 0.009 
276 UHA-0323    (0)   :  0.930 0.003 0.003 0.014 0.022 0.009 0.007 0.010 0.003 
277 UHA-0324    (7)   :  0.945 0.004 0.021 0.005 0.003 0.004 0.005 0.003 0.010 
278 UHA-0325    (0)   :  0.969 0.006 0.004 0.003 0.005 0.004 0.003 0.004 0.002 
279 UHA-0326    (0)   :  0.941 0.002 0.022 0.012 0.003 0.003 0.009 0.007 0.002 
280 UHA-0327    (7)   :  0.972 0.003 0.004 0.004 0.003 0.004 0.005 0.003 0.004 
281 UHA-0329    (0)   :  0.005 0.002 0.003 0.078 0.014 0.026 0.170 0.701 0.003 
282 UHA-0330    (0)   :  0.007 0.004 0.003 0.164 0.006 0.016 0.076 0.720 0.002 
283 UHA-0331   (23)   :  0.958 0.004 0.006 0.004 0.004 0.009 0.005 0.004 0.006 
284 UHA-0332    (0)   :  0.002 0.003 0.002 0.926 0.007 0.003 0.046 0.007 0.004 
285 UHA-0333    (0)   :  0.975 0.002 0.003 0.003 0.004 0.005 0.004 0.003 0.002 
286 UHA-0334    (0)   :  0.959 0.005 0.008 0.004 0.004 0.008 0.004 0.006 0.002 
287 UHA-0335   (15)   :  0.004 0.003 0.002 0.081 0.009 0.008 0.112 0.777 0.003 
288 UHA-0337    (0)   :  0.004 0.004 0.003 0.025 0.037 0.005 0.671 0.245 0.007 
289 UHA-0338    (7)   :  0.866 0.006 0.003 0.010 0.005 0.072 0.023 0.011 0.005 
290 UHA-0339    (0)   :  0.912 0.003 0.006 0.006 0.008 0.008 0.006 0.051 0.002 
291 UHA-0340    (0)   :  0.006 0.010 0.011 0.279 0.102 0.051 0.068 0.466 0.007 
292 UHA-0343    (0)   :  0.696 0.007 0.011 0.081 0.003 0.030 0.160 0.008 0.003 
293 UHA-0345    (0)   :  0.002 0.002 0.010 0.939 0.003 0.006 0.010 0.015 0.012 
294 UHA-0346    (7)   :  0.023 0.002 0.006 0.703 0.009 0.018 0.063 0.174 0.002 
295 UHA-0347    (7)   :  0.003 0.002 0.044 0.238 0.009 0.006 0.512 0.171 0.016 
296 UHA-0348    (0)   :  0.003 0.003 0.006 0.030 0.022 0.003 0.913 0.016 0.003 
297 UHA-0349   (23)   :  0.003 0.005 0.014 0.413 0.006 0.005 0.536 0.013 0.004 
298 UHA-0350    (0)   :  0.974 0.003 0.005 0.004 0.002 0.003 0.004 0.003 0.003 
299 UHA-0354    (0)   :  0.018 0.004 0.010 0.071 0.208 0.060 0.604 0.021 0.005 
300 UHA-0352    (7)   :  0.004 0.003 0.002 0.698 0.009 0.003 0.175 0.104 0.003 
301 UHA-0353    (7)   :  0.005 0.002 0.003 0.165 0.019 0.013 0.700 0.088 0.004 
302 UHA-0172    (0)   :  0.003 0.001 0.002 0.006 0.972 0.003 0.007 0.005 0.002 
303 UHA-0174    (0)   :  0.012 0.007 0.006 0.154 0.200 0.045 0.539 0.031 0.007 
304 UHA-0175    (0)   :  0.003 0.007 0.002 0.591 0.014 0.007 0.192 0.173 0.012 
305 UHA-0176    (0)   :  0.965 0.005 0.003 0.002 0.005 0.003 0.003 0.003 0.011 
306 UHA-0177    (7)   :  0.011 0.012 0.030 0.138 0.010 0.040 0.314 0.437 0.007 
307 UHA-0178    (0)   :  0.959 0.003 0.004 0.002 0.008 0.002 0.004 0.005 0.013 
308 UHA-0179    (7)   :  0.029 0.003 0.006 0.012 0.775 0.144 0.014 0.014 0.004 
309 UHA-0189    (0)   :  0.964 0.010 0.004 0.003 0.004 0.004 0.003 0.003 0.006 
310 UHA-0190    (0)   :  0.972 0.004 0.003 0.003 0.006 0.005 0.003 0.003 0.003 
311 UHA-0199    (7)   :  0.008 0.004 0.003 0.009 0.937 0.014 0.009 0.012 0.005 
312 UHA-0276    (0)   :  0.005 0.002 0.003 0.004 0.004 0.972 0.004 0.003 0.002 
313 UHA-0277    (7)   :  0.041 0.002 0.003 0.006 0.003 0.932 0.005 0.005 0.003 
314 UHA-0203    (7)   :  0.003 0.002 0.002 0.002 0.981 0.003 0.003 0.002 0.002 
315 UHA-0204    (0)   :  0.004 0.002 0.003 0.004 0.970 0.004 0.006 0.005 0.004 
316 UHA-0234    (0)   :  0.008 0.003 0.004 0.341 0.018 0.005 0.236 0.381 0.003 
317 UHA-0235    (0)   :  0.004 0.004 0.006 0.814 0.053 0.007 0.088 0.019 0.004 
318 UHA-0236    (0)   :  0.086 0.003 0.005 0.024 0.654 0.035 0.140 0.041 0.011 
319 UHA-0268    (0)   :  0.004 0.348 0.008 0.053 0.004 0.093 0.018 0.080 0.391 
320 UHA-0269    (0)   :  0.006 0.021 0.005 0.005 0.004 0.860 0.018 0.006 0.076 
321 UHA-0270    (7)   :  0.278 0.030 0.189 0.027 0.007 0.071 0.125 0.223 0.051 
322 UHA-0271    (0)   :  0.444 0.102 0.014 0.021 0.028 0.016 0.014 0.042 0.319 
323 UHA-0272    (0)   :  0.016 0.487 0.047 0.007 0.043 0.015 0.229 0.147 0.010 
324 UHA-0355    (7)   :  0.003 0.003 0.004 0.228 0.024 0.024 0.423 0.287 0.002 
325 UHA-0356    (0)   :  0.003 0.018 0.022 0.038 0.007 0.006 0.839 0.008 0.058 
326 UHA-0357    (0)   :  0.010 0.004 0.007 0.014 0.005 0.011 0.323 0.624 0.002 
327 UHA-0358    (0)   :  0.003 0.003 0.012 0.059 0.007 0.005 0.100 0.794 0.016 
328 UHA-0359    (0)   :  0.034 0.004 0.010 0.050 0.010 0.025 0.837 0.019 0.012 
329 UHA-0361   (23)   :  0.012 0.013 0.003 0.146 0.008 0.007 0.794 0.013 0.004 
330 UHA-0362    (0)   :  0.009 0.009 0.019 0.697 0.006 0.003 0.200 0.051 0.006 
331 UHA-0363   (15)   :  0.005 0.006 0.004 0.042 0.029 0.004 0.396 0.509 0.005 
332 UHA-0379    (0)   :  0.880 0.026 0.032 0.002 0.003 0.003 0.003 0.002 0.050 
333 UHA-0365    (0)   :  0.003 0.004 0.003 0.005 0.004 0.002 0.969 0.007 0.002 
334 UHA-0366    (0)   :  0.005 0.009 0.020 0.007 0.008 0.020 0.896 0.021 0.014 
335 UHA-0367    (0)   :  0.938 0.005 0.003 0.010 0.008 0.008 0.006 0.017 0.005 
336 UHA-0368    (0)   :  0.970 0.005 0.002 0.003 0.005 0.007 0.003 0.003 0.002 
337 UHA-0369    (0)   :  0.981 0.002 0.003 0.002 0.002 0.002 0.002 0.002 0.003 
338 UHA-0370    (7)   :  0.954 0.003 0.003 0.005 0.011 0.007 0.007 0.007 0.003 
339 UHA-0371    (7)   :  0.891 0.023 0.051 0.010 0.003 0.007 0.005 0.005 0.006 
340 UHA-0372    (7)   :  0.005 0.006 0.010 0.013 0.016 0.004 0.923 0.011 0.013 
341 UHA-0373   (15)   :  0.003 0.002 0.002 0.957 0.003 0.010 0.009 0.010 0.002 
342 UHA-0374    (0)   :  0.004 0.002 0.025 0.235 0.092 0.134 0.363 0.142 0.003 
343 UHA-0375    (0)   :  0.004 0.004 0.003 0.960 0.008 0.005 0.007 0.006 0.004 
344 UHA-0376    (0)   :  0.003 0.002 0.015 0.568 0.040 0.004 0.045 0.320 0.004 
345 UHA-0377    (0)   :  0.977 0.002 0.004 0.003 0.003 0.004 0.003 0.002 0.002 
346 UHA-0378    (0)   :  0.972 0.004 0.004 0.003 0.003 0.003 0.003 0.003 0.004 
347 UHA-0380    (7)   :  0.929 0.004 0.004 0.006 0.005 0.011 0.018 0.011 0.011 
348 UHA-0381    (0)   :  0.963 0.002 0.003 0.004 0.004 0.012 0.004 0.005 0.003 
349 UHA-0382    (0)   :  0.969 0.003 0.002 0.003 0.008 0.007 0.003 0.003 0.002 
350 UHA-0383   (15)   :  0.887 0.007 0.010 0.004 0.056 0.015 0.007 0.011 0.003 
351 UHA-0384    (7)   :  0.956 0.002 0.003 0.011 0.002 0.006 0.008 0.008 0.003 
352 UHA-0385    (0)   :  0.966 0.002 0.002 0.004 0.004 0.003 0.004 0.013 0.002 
353 UHA-0386    (7)   :  0.982 0.002 0.002 0.002 0.002 0.002 0.002 0.003 0.002 
354 UHA-0387    (0)   :  0.972 0.002 0.002 0.004 0.002 0.002 0.007 0.007 0.002 
355 UHA-0388    (0)   :  0.968 0.004 0.003 0.003 0.002 0.003 0.006 0.005 0.006 
356 UHA-0389    (7)   :  0.962 0.003 0.002 0.010 0.005 0.004 0.005 0.007 0.003 
357 UHA-0390    (0)   :  0.979 0.003 0.003 0.003 0.002 0.002 0.002 0.003 0.003 
358 UHA-0391    (0)   :  0.941 0.004 0.003 0.007 0.003 0.029 0.006 0.003 0.005 
359 UHA-0392    (0)   :  0.892 0.024 0.029 0.002 0.003 0.003 0.003 0.002 0.042 
360 UHA-0393    (0)   :  0.957 0.004 0.010 0.003 0.003 0.009 0.005 0.004 0.005 
361 UHA-0394    (0)   :  0.920 0.003 0.002 0.006 0.008 0.011 0.014 0.033 0.002 
362 UHA-0395    (7)   :  0.010 0.005 0.003 0.094 0.004 0.007 0.009 0.863 0.006 
363 UHA-0396    (0)   :  0.008 0.004 0.002 0.082 0.005 0.009 0.008 0.880 0.003 
364 UHA-0397    (7)   :  0.017 0.005 0.004 0.078 0.039 0.007 0.513 0.327 0.011 
365 UHA-0398    (0)   :  0.009 0.018 0.052 0.140 0.021 0.158 0.317 0.266 0.018 
366 UHA-0399    (7)   :  0.006 0.004 0.003 0.032 0.006 0.005 0.066 0.876 0.003 
367 UHA-0400    (0)   :  0.002 0.004 0.003 0.101 0.003 0.003 0.875 0.007 0.003 
368 UHA-0401   (15)   :  0.011 0.005 0.002 0.223 0.005 0.012 0.031 0.706 0.004 
369 UHA-0402   (23)   :  0.007 0.005 0.004 0.033 0.006 0.006 0.436 0.499 0.003 
370 UHA-0404    (0)   :  0.902 0.003 0.060 0.003 0.003 0.004 0.003 0.014 0.009 
371 UHA-0405    (0)   :  0.029 0.006 0.003 0.060 0.016 0.009 0.039 0.835 0.003 
372 UHA-0406    (0)   :  0.002 0.002 0.006 0.960 0.003 0.002 0.018 0.005 0.002 
373 UHA-0407    (0)   :  0.003 0.005 0.003 0.035 0.003 0.004 0.721 0.223 0.002 
374 UHA-0408    (0)   :  0.980 0.002 0.002 0.003 0.002 0.003 0.003 0.004 0.002 
375 UHA-0409    (0)   :  0.002 0.022 0.005 0.104 0.003 0.003 0.286 0.567 0.007 
376 UHA-0410    (0)   :  0.967 0.002 0.003 0.005 0.003 0.004 0.009 0.004 0.002 
377 UHA-0411    (7)   :  0.003 0.004 0.003 0.053 0.005 0.003 0.198 0.728 0.002 
378 UHA-0412    (0)   :  0.967 0.002 0.003 0.005 0.003 0.004 0.009 0.004 0.003 
379 UHA-0413    (0)   :  0.044 0.002 0.009 0.871 0.004 0.005 0.026 0.028 0.011 
380 UHA-0414    (0)   :  0.975 0.002 0.002 0.004 0.004 0.003 0.004 0.005 0.002 
381 UHA-0415    (0)   :  0.980 0.002 0.002 0.003 0.003 0.003 0.003 0.003 0.002 
382 UHA-0416    (0)   :  0.968 0.003 0.002 0.004 0.002 0.007 0.004 0.005 0.004 
383 UHA-0417    (0)   :  0.813 0.097 0.015 0.005 0.003 0.005 0.005 0.006 0.049 
384 UHA-0418    (0)   :  0.980 0.002 0.003 0.002 0.003 0.003 0.002 0.002 0.003 
385 UHA-0419    (0)   :  0.976 0.002 0.002 0.004 0.004 0.004 0.003 0.003 0.002 
386 UHA-0420    (0)   :  0.003 0.003 0.004 0.888 0.003 0.004 0.049 0.042 0.003 
387 UHA-0421    (0)   :  0.012 0.004 0.006 0.012 0.004 0.009 0.935 0.008 0.009 
388 UHA-0422    (0)   :  0.816 0.011 0.005 0.054 0.005 0.013 0.068 0.024 0.004 
389 UHA-0423    (0)   :  0.968 0.003 0.003 0.004 0.003 0.004 0.005 0.006 0.003 
390 UHA-0424    (0)   :  0.013 0.002 0.003 0.036 0.046 0.006 0.271 0.618 0.005 
391 UHA-0425    (0)   :  0.002 0.014 0.011 0.035 0.003 0.004 0.894 0.010 0.026 
392 UHA-0461    (0)   :  0.008 0.004 0.159 0.190 0.060 0.017 0.255 0.302 0.005 
393 UHA-0462    (7)   :  0.003 0.003 0.005 0.397 0.004 0.004 0.012 0.561 0.010 
394 UHA-0463    (7)   :  0.002 0.002 0.002 0.973 0.003 0.002 0.009 0.005 0.002 
395 UHA-0464    (0)   :  0.003 0.003 0.005 0.963 0.003 0.002 0.012 0.006 0.004 
396 UHA-0465    (0)   :  0.003 0.030 0.006 0.813 0.005 0.005 0.034 0.016 0.088 
397 UHA-0466    (0)   :  0.004 0.002 0.003 0.062 0.019 0.004 0.314 0.591 0.002 
398 UHA-0467    (7)   :  0.003 0.004 0.014 0.083 0.013 0.007 0.630 0.244 0.002 
399 UHA-0468    (0)   :  0.005 0.007 0.007 0.224 0.014 0.011 0.097 0.595 0.040 
400 UHA-0469    (0)   :  0.005 0.007 0.007 0.566 0.012 0.009 0.347 0.040 0.007 
401 UHA-0470    (0)   :  0.012 0.003 0.002 0.017 0.004 0.005 0.935 0.016 0.004 
402 UHA-0471    (0)   :  0.002 0.002 0.002 0.009 0.013 0.004 0.948 0.018 0.002 
403 UHA-0472    (7)   :  0.003 0.003 0.002 0.359 0.004 0.011 0.073 0.542 0.002 
404 UHA-0473    (0)   :  0.003 0.008 0.002 0.023 0.007 0.009 0.017 0.917 0.013 
405 UHA-0474    (0)   :  0.007 0.003 0.004 0.694 0.045 0.011 0.072 0.158 0.006 
406 UHA-0475    (0)   :  0.002 0.002 0.002 0.858 0.007 0.003 0.038 0.087 0.002 
407 UHA-0180    (0)   :  0.002 0.003 0.003 0.009 0.003 0.004 0.011 0.963 0.002 
408 UHA-0181    (0)   :  0.003 0.004 0.002 0.259 0.004 0.014 0.615 0.092 0.007 
409 UHA-0182    (7)   :  0.002 0.007 0.002 0.036 0.068 0.134 0.727 0.019 0.005 
410 UHA-0278    (0)   :  0.005 0.003 0.003 0.003 0.003 0.969 0.006 0.003 0.004 
411 UHA-0279    (0)   :  0.962 0.002 0.003 0.005 0.013 0.003 0.005 0.005 0.003 
412 UHA-0280    (0)   :  0.005 0.002 0.003 0.192 0.012 0.005 0.624 0.154 0.003 
413 UHA-0291    (0)   :  0.982 0.003 0.002 0.002 0.003 0.002 0.002 0.002 0.002 
414 UHA-0315    (0)   :  0.043 0.004 0.006 0.139 0.358 0.027 0.301 0.096 0.026 
415 UHA-0328    (0)   :  0.003 0.001 0.002 0.250 0.003 0.003 0.012 0.721 0.004 
416 UHA-0344    (0)   :  0.002 0.002 0.002 0.932 0.004 0.004 0.024 0.028 0.002 
417 UHA-0351    (0)   :  0.003 0.958 0.010 0.005 0.002 0.003 0.003 0.004 0.012 


Estimated Allele Frequencies in each cluster
First column gives estimated ancestral frequencies


Locus 1 : 
10 alleles
1.9% missing data
   4   (0.192) 0.390 0.019 0.486 0.092 0.029 0.256 0.154 0.228 0.508 
   3   (0.546) 0.454 0.743 0.500 0.720 0.315 0.605 0.672 0.560 0.477 
   2   (0.118) 0.121 0.088 0.003 0.165 0.071 0.057 0.047 0.134 0.013 
   9   (0.015) 0.000 0.149 0.003 0.002 0.002 0.004 0.002 0.002 0.000 
   8   (0.015) 0.000 0.000 0.004 0.002 0.002 0.020 0.003 0.002 0.000 
   5   (0.048) 0.001 0.000 0.001 0.010 0.573 0.017 0.113 0.027 0.000 
  10   (0.014) 0.000 0.000 0.000 0.002 0.002 0.026 0.002 0.002 0.000 
   7   (0.016) 0.000 0.000 0.000 0.002 0.002 0.004 0.002 0.032 0.000 
   6   (0.014) 0.027 0.000 0.000 0.002 0.002 0.004 0.002 0.002 0.000 
   1   (0.020) 0.005 0.000 0.000 0.004 0.003 0.006 0.003 0.013 0.000 

Locus 2 : 
20 alleles
1.0% missing data
  13   (0.167) 0.006 0.385 0.268 0.260 0.116 0.056 0.165 0.303 0.483 
  15   (0.131) 0.004 0.200 0.008 0.117 0.066 0.126 0.205 0.085 0.343 
   6   (0.030) 0.001 0.200 0.002 0.004 0.011 0.014 0.004 0.003 0.167 
  14   (0.134) 0.005 0.210 0.404 0.194 0.048 0.048 0.264 0.200 0.001 
   3   (0.016) 0.860 0.000 0.000 0.002 0.002 0.005 0.002 0.002 0.000 
  17   (0.039) 0.001 0.001 0.001 0.113 0.008 0.018 0.017 0.044 0.001 
   5   (0.014) 0.000 0.000 0.304 0.002 0.002 0.004 0.002 0.002 0.000 
   8   (0.049) 0.022 0.001 0.002 0.012 0.117 0.072 0.014 0.015 0.001 
   4   (0.014) 0.066 0.000 0.000 0.002 0.002 0.004 0.002 0.002 0.000 
  12   (0.031) 0.001 0.000 0.001 0.005 0.285 0.079 0.008 0.006 0.000 
  11   (0.088) 0.015 0.001 0.002 0.126 0.225 0.087 0.054 0.059 0.001 
   9   (0.045) 0.007 0.000 0.001 0.037 0.007 0.067 0.015 0.036 0.000 
  10   (0.042) 0.002 0.000 0.001 0.015 0.006 0.159 0.016 0.036 0.000 
  18   (0.045) 0.002 0.000 0.001 0.029 0.006 0.016 0.084 0.109 0.000 
   2   (0.021) 0.004 0.000 0.001 0.003 0.064 0.008 0.003 0.002 0.000 
  16   (0.067) 0.002 0.001 0.002 0.053 0.031 0.064 0.119 0.063 0.001 
   7   (0.016) 0.000 0.000 0.000 0.002 0.002 0.156 0.002 0.002 0.000 
  19   (0.017) 0.000 0.000 0.000 0.017 0.002 0.005 0.003 0.008 0.000 
   1   (0.014) 0.000 0.000 0.000 0.002 0.002 0.004 0.002 0.010 0.000 
  20   (0.020) 0.001 0.000 0.000 0.007 0.002 0.006 0.019 0.012 0.000 

Locus 3 : 
21 alleles
0.5% missing data
   1   (0.073) 0.006 0.160 0.004 0.064 0.013 0.093 0.057 0.092 0.068 
  12   (0.067) 0.050 0.113 0.139 0.021 0.064 0.022 0.017 0.039 0.322 
  13   (0.073) 0.002 0.221 0.067 0.075 0.049 0.119 0.013 0.053 0.373 
  11   (0.069) 0.011 0.065 0.285 0.043 0.022 0.037 0.059 0.028 0.122 
   5   (0.115) 0.370 0.005 0.165 0.175 0.019 0.165 0.142 0.167 0.001 
   6   (0.060) 0.134 0.100 0.312 0.016 0.023 0.056 0.027 0.011 0.106 
   2   (0.062) 0.002 0.129 0.003 0.238 0.031 0.021 0.194 0.028 0.001 
  10   (0.078) 0.025 0.203 0.005 0.057 0.113 0.107 0.042 0.054 0.001 
   4   (0.065) 0.167 0.001 0.002 0.014 0.126 0.175 0.038 0.063 0.001 
  15   (0.033) 0.025 0.000 0.010 0.012 0.097 0.010 0.012 0.008 0.002 
   8   (0.082) 0.048 0.002 0.003 0.225 0.021 0.027 0.249 0.224 0.001 
   9   (0.045) 0.002 0.000 0.001 0.022 0.183 0.014 0.102 0.043 0.000 
  16   (0.022) 0.026 0.000 0.000 0.003 0.064 0.006 0.003 0.002 0.000 
   3   (0.026) 0.001 0.000 0.001 0.004 0.003 0.051 0.008 0.100 0.000 
   7   (0.051) 0.089 0.000 0.001 0.023 0.067 0.067 0.013 0.075 0.001 
  14   (0.018) 0.000 0.000 0.000 0.002 0.065 0.005 0.012 0.002 0.000 
  18   (0.012) 0.000 0.000 0.000 0.001 0.015 0.010 0.002 0.001 0.000 
  20   (0.013) 0.026 0.000 0.000 0.001 0.001 0.003 0.002 0.001 0.000 
  19   (0.011) 0.006 0.000 0.000 0.001 0.001 0.003 0.002 0.001 0.000 
