

----------------------------------------------------
STRUCTURE by Pritchard, Stephens and Donnelly (2000)
     and Falush, Stephens and Pritchard (2003)
       Code by Pritchard, Falush and Hubisz
             Version 2.3.4 (Jul 2012)
----------------------------------------------------



Command line arguments:   bin\structure -m C:\Users\eschumacher\Documents\GitHub\USBGHybridAcornsREU2023\Analysis\STRUCTURE\All_Loci\UHA_all_loci_nopop\200-200\mainparams -e C:\Users\eschumacher\Documents\GitHub\USBGHybridAcornsREU2023\Analysis\STRUCTURE\All_Loci\UHA_all_loci_nopop\200-200\extraparams 
Input File:    C:\Users\eschumacher\Documents\GitHub\USBGHybridAcornsREU2023\Analysis\STRUCTURE\All_Loci\UHA_all_loci_nopop\project_data

Run parameters:
   417 individuals
   13 loci
   11 populations assumed
   200000 Burn-in period
   200000 Reps


--------------------------------------------
Overall proportion of membership of the
sample in each of the 11 clusters

Inferred Clusters
  1      2      3      4      5      6      7      8      9     10     11    
0.018  0.078  0.083  0.054  0.055  0.033  0.057  0.178  0.077  0.190  0.176  

--------------------------------------------

Allele-freq. divergence among pops (Net nucleotide distance),
computed using point estimates of P.

      1       2       3       4       5       6       7       8       9      10      11      
 1      -    0.1571  0.1439  0.1825  0.2531  0.1126  0.1488  0.2344  0.1297  0.2237  0.1828  
 2   0.1571     -    0.0398  0.1286  0.2290  0.0672  0.0422  0.1827  0.0353  0.2138  0.1984  
 3   0.1439  0.0398     -    0.1217  0.2210  0.0721  0.0402  0.2003  0.0310  0.1965  0.1841  
 4   0.1825  0.1286  0.1217     -    0.2367  0.0786  0.1273  0.2077  0.1149  0.2249  0.1853  
 5   0.2531  0.2290  0.2210  0.2367     -    0.1840  0.2304  0.1041  0.2235  0.1025  0.2082  
 6   0.1126  0.0672  0.0721  0.0786  0.1840     -    0.0846  0.1344  0.0684  0.1463  0.1308  
 7   0.1488  0.0422  0.0402  0.1273  0.2304  0.0846     -    0.1900  0.0459  0.2342  0.2039  
 8   0.2344  0.1827  0.2003  0.2077  0.1041  0.1344  0.1900     -    0.1972  0.0989  0.2115  
 9   0.1297  0.0353  0.0310  0.1149  0.2235  0.0684  0.0459  0.1972     -    0.1888  0.1821  
10   0.2237  0.2138  0.1965  0.2249  0.1025  0.1463  0.2342  0.0989  0.1888     -    0.2142  
11   0.1828  0.1984  0.1841  0.1853  0.2082  0.1308  0.2039  0.2115  0.1821  0.2142     -    

Average distances (expected heterozygosity) between individuals in same cluster:
cluster  1  : 0.7114 
cluster  2  : 0.6782 
cluster  3  : 0.6712 
cluster  4  : 0.6490 
cluster  5  : 0.4282 
cluster  6  : 0.7634 
cluster  7  : 0.6767 
cluster  8  : 0.5366 
cluster  9  : 0.6986 
cluster 10  : 0.5215 
cluster 11  : 0.5007 

--------------------------------------------
Estimated Ln Prob of Data   = -14821.0
Mean value of ln likelihood = -14165.5
Variance of ln likelihood   = 1310.9
Mean value of alpha         = 0.0314

Mean value of Fst_1         = 0.2517
Mean value of Fst_2         = 0.1067
Mean value of Fst_3         = 0.1040
Mean value of Fst_4         = 0.1713
Mean value of Fst_5         = 0.4999
Mean value of Fst_6         = 0.0961
Mean value of Fst_7         = 0.1200
Mean value of Fst_8         = 0.4116
Mean value of Fst_9         = 0.0915
Mean value of Fst_10         = 0.4473
Mean value of Fst_11         = 0.2032


Inferred ancestry of individuals:
        Label (%Miss) :  Inferred clusters
  1 UHA-0126    (0)   :  0.018 0.009 0.004 0.003 0.007 0.005 0.004 0.932 0.005 0.004 0.008 
  2 UHA-0127   (15)   :  0.002 0.002 0.002 0.002 0.004 0.003 0.002 0.970 0.003 0.007 0.003 
  3 UHA-0135    (0)   :  0.004 0.003 0.003 0.002 0.026 0.003 0.005 0.156 0.004 0.785 0.008 
  4 UHA-0166    (0)   :  0.019 0.015 0.024 0.031 0.013 0.051 0.015 0.691 0.012 0.125 0.005 
  5 UHA-0169    (0)   :  0.014 0.005 0.011 0.004 0.008 0.257 0.006 0.664 0.009 0.009 0.012 
  6 UHA-0058    (7)   :  0.002 0.004 0.003 0.003 0.014 0.003 0.003 0.013 0.003 0.950 0.004 
  7 UHA-0020    (0)   :  0.002 0.002 0.002 0.002 0.003 0.002 0.002 0.005 0.002 0.980 0.002 
  8 UHA-0023   (15)   :  0.002 0.002 0.002 0.002 0.008 0.003 0.002 0.011 0.002 0.962 0.003 
  9 UHA-0025    (0)   :  0.005 0.005 0.004 0.002 0.248 0.003 0.006 0.005 0.005 0.712 0.005 
 10 UHA-0026    (7)   :  0.002 0.004 0.003 0.003 0.005 0.003 0.003 0.030 0.003 0.942 0.003 
 11 UHA-0027    (0)   :  0.002 0.002 0.002 0.002 0.005 0.002 0.002 0.004 0.003 0.973 0.002 
 12 UHA-0028    (0)   :  0.002 0.002 0.002 0.002 0.003 0.002 0.002 0.005 0.002 0.978 0.002 
 13 UHA-0099    (0)   :  0.002 0.003 0.004 0.003 0.414 0.003 0.003 0.003 0.003 0.553 0.009 
 14 UHA-0029    (0)   :  0.002 0.002 0.002 0.002 0.003 0.002 0.002 0.004 0.002 0.975 0.003 
 15 UHA-0043   (15)   :  0.002 0.003 0.003 0.003 0.008 0.004 0.002 0.009 0.004 0.958 0.004 
 16 UHA-0045    (0)   :  0.002 0.003 0.002 0.002 0.005 0.002 0.002 0.007 0.002 0.972 0.002 
 17 UHA-0047    (0)   :  0.002 0.004 0.003 0.003 0.017 0.004 0.003 0.009 0.002 0.943 0.009 
 18 UHA-0050    (0)   :  0.002 0.010 0.006 0.005 0.003 0.008 0.005 0.093 0.004 0.861 0.003 
 19 UHA-0052    (0)   :  0.033 0.005 0.004 0.004 0.005 0.006 0.003 0.010 0.016 0.911 0.004 
 20 UHA-0056    (7)   :  0.002 0.003 0.003 0.002 0.620 0.002 0.002 0.251 0.003 0.106 0.004 
 21 UHA-0068    (7)   :  0.002 0.003 0.003 0.003 0.013 0.003 0.003 0.956 0.003 0.008 0.004 
 22 UHA-0070    (0)   :  0.002 0.002 0.002 0.002 0.004 0.002 0.002 0.975 0.002 0.003 0.003 
 23 UHA-0071    (7)   :  0.002 0.002 0.003 0.002 0.005 0.002 0.002 0.973 0.002 0.004 0.002 
 24 UHA-0075   (15)   :  0.003 0.004 0.011 0.005 0.071 0.005 0.027 0.657 0.006 0.208 0.004 
 25 UHA-0077    (0)   :  0.002 0.002 0.003 0.002 0.015 0.002 0.003 0.954 0.002 0.012 0.002 
 26 UHA-0079    (0)   :  0.002 0.002 0.002 0.002 0.003 0.002 0.002 0.976 0.002 0.004 0.002 
 27 UHA-0080    (7)   :  0.003 0.016 0.015 0.003 0.004 0.004 0.026 0.913 0.009 0.003 0.005 
 28 UHA-0081    (7)   :  0.002 0.002 0.002 0.002 0.004 0.002 0.002 0.975 0.002 0.004 0.002 
 29 UHA-0093   (15)   :  0.002 0.002 0.002 0.002 0.006 0.002 0.002 0.972 0.002 0.004 0.003 
 30 UHA-0094    (0)   :  0.002 0.002 0.002 0.002 0.002 0.003 0.002 0.977 0.002 0.004 0.002 
 31 UHA-0095    (0)   :  0.002 0.003 0.002 0.002 0.004 0.004 0.002 0.969 0.002 0.007 0.002 
 32 UHA-0096   (23)   :  0.002 0.003 0.003 0.003 0.006 0.004 0.003 0.948 0.003 0.023 0.003 
 33 UHA-0097    (7)   :  0.002 0.003 0.002 0.002 0.004 0.004 0.002 0.972 0.002 0.005 0.002 
 34 UHA-0098    (0)   :  0.002 0.002 0.002 0.002 0.003 0.002 0.002 0.003 0.002 0.977 0.003 
 35 UHA-0101   (15)   :  0.002 0.003 0.003 0.002 0.003 0.003 0.002 0.003 0.003 0.969 0.006 
 36 UHA-0105    (0)   :  0.003 0.002 0.004 0.002 0.020 0.003 0.003 0.004 0.004 0.954 0.002 
 37 UHA-0109    (0)   :  0.002 0.002 0.003 0.002 0.003 0.002 0.002 0.004 0.002 0.973 0.004 
 38 UHA-0111    (0)   :  0.006 0.002 0.003 0.002 0.090 0.003 0.005 0.016 0.004 0.865 0.004 
 39 UHA-0112    (7)   :  0.002 0.003 0.003 0.003 0.004 0.002 0.004 0.972 0.002 0.002 0.003 
 40 UHA-0298    (0)   :  0.002 0.005 0.003 0.002 0.015 0.003 0.004 0.021 0.003 0.939 0.003 
 41 UHA-0021    (0)   :  0.003 0.003 0.003 0.002 0.004 0.005 0.009 0.005 0.005 0.960 0.002 
 42 UHA-0022    (0)   :  0.002 0.002 0.002 0.002 0.007 0.002 0.002 0.003 0.002 0.975 0.002 
 43 UHA-0048    (0)   :  0.002 0.002 0.002 0.002 0.005 0.002 0.002 0.003 0.002 0.977 0.002 
 44 UHA-0049    (0)   :  0.002 0.002 0.002 0.002 0.003 0.002 0.002 0.006 0.002 0.976 0.002 
 45 UHA-0053    (0)   :  0.002 0.002 0.002 0.002 0.004 0.002 0.002 0.006 0.002 0.973 0.002 
 46 UHA-0054    (0)   :  0.002 0.003 0.002 0.002 0.003 0.002 0.002 0.005 0.003 0.975 0.002 
 47 UHA-0055    (0)   :  0.017 0.003 0.002 0.005 0.018 0.003 0.003 0.317 0.003 0.626 0.002 
 48 UHA-0069    (0)   :  0.002 0.002 0.002 0.002 0.004 0.002 0.002 0.977 0.002 0.003 0.002 
 49 UHA-0072    (0)   :  0.002 0.002 0.003 0.002 0.006 0.003 0.003 0.963 0.003 0.011 0.003 
 50 UHA-0073    (0)   :  0.002 0.002 0.002 0.002 0.004 0.002 0.002 0.977 0.002 0.003 0.002 
 51 UHA-0074    (0)   :  0.004 0.003 0.004 0.003 0.008 0.004 0.003 0.387 0.004 0.571 0.009 
 52 UHA-0076    (0)   :  0.002 0.002 0.002 0.002 0.004 0.002 0.002 0.976 0.002 0.004 0.002 
 53 UHA-0100    (0)   :  0.004 0.002 0.003 0.003 0.568 0.005 0.003 0.004 0.003 0.400 0.004 
 54 UHA-0102    (0)   :  0.002 0.002 0.002 0.002 0.007 0.002 0.002 0.004 0.002 0.971 0.002 
 55 UHA-0106    (0)   :  0.002 0.002 0.002 0.002 0.003 0.002 0.002 0.004 0.002 0.977 0.002 
 56 UHA-0110    (0)   :  0.004 0.002 0.003 0.003 0.237 0.004 0.004 0.016 0.003 0.709 0.017 
 57 UHA-0036    (7)   :  0.002 0.002 0.003 0.002 0.005 0.002 0.002 0.004 0.002 0.973 0.003 
 58 UHA-0037    (0)   :  0.003 0.011 0.011 0.005 0.006 0.011 0.009 0.030 0.007 0.904 0.004 
 59 UHA-0038    (0)   :  0.002 0.006 0.005 0.003 0.004 0.005 0.005 0.140 0.004 0.825 0.002 
 60 UHA-0089    (0)   :  0.002 0.002 0.002 0.002 0.004 0.002 0.002 0.977 0.002 0.003 0.002 
 61 UHA-0040    (0)   :  0.002 0.004 0.003 0.002 0.011 0.002 0.003 0.076 0.002 0.891 0.003 
 62 UHA-0041    (0)   :  0.002 0.002 0.002 0.002 0.004 0.002 0.002 0.005 0.002 0.975 0.002 
 63 UHA-0090    (0)   :  0.002 0.003 0.002 0.002 0.003 0.002 0.002 0.977 0.002 0.004 0.002 
 64 UHA-0059    (0)   :  0.002 0.002 0.002 0.002 0.005 0.002 0.002 0.002 0.002 0.979 0.002 
 65 UHA-0063    (0)   :  0.002 0.002 0.004 0.005 0.003 0.003 0.003 0.012 0.003 0.005 0.958 
 66 UHA-0082    (0)   :  0.002 0.002 0.002 0.002 0.004 0.003 0.002 0.974 0.002 0.006 0.002 
 67 UHA-0083    (0)   :  0.002 0.002 0.003 0.003 0.006 0.002 0.003 0.970 0.002 0.004 0.003 
 68 UHA-0084    (0)   :  0.002 0.002 0.003 0.002 0.008 0.002 0.003 0.964 0.002 0.008 0.003 
 69 UHA-0085    (0)   :  0.002 0.002 0.002 0.002 0.012 0.002 0.003 0.965 0.002 0.005 0.002 
 70 UHA-0086    (0)   :  0.002 0.002 0.003 0.002 0.007 0.002 0.003 0.970 0.002 0.004 0.002 
 71 UHA-0087    (0)   :  0.002 0.002 0.003 0.003 0.011 0.002 0.003 0.968 0.002 0.003 0.003 
 72 UHA-0088    (0)   :  0.002 0.002 0.003 0.003 0.013 0.002 0.003 0.962 0.003 0.005 0.003 
 73 UHA-0091    (0)   :  0.002 0.002 0.002 0.002 0.007 0.002 0.003 0.970 0.002 0.004 0.003 
 74 UHA-0113    (0)   :  0.002 0.002 0.002 0.002 0.006 0.002 0.002 0.004 0.002 0.975 0.002 
 75 UHA-0114    (7)   :  0.002 0.002 0.002 0.002 0.003 0.002 0.002 0.004 0.002 0.978 0.002 
 76 UHA-0115    (7)   :  0.003 0.003 0.003 0.003 0.512 0.003 0.003 0.008 0.003 0.450 0.008 
 77 UHA-0116    (0)   :  0.002 0.002 0.002 0.002 0.004 0.002 0.002 0.005 0.002 0.973 0.002 
 78 UHA-0118    (0)   :  0.002 0.002 0.002 0.002 0.003 0.002 0.002 0.006 0.002 0.976 0.002 
 79 UHA-0119    (0)   :  0.002 0.002 0.002 0.002 0.005 0.002 0.002 0.004 0.002 0.972 0.004 
 80 UHA-0120    (0)   :  0.002 0.002 0.002 0.002 0.002 0.002 0.002 0.005 0.003 0.975 0.002 
 81 UHA-0121    (0)   :  0.002 0.002 0.002 0.002 0.003 0.002 0.002 0.004 0.002 0.978 0.002 
 82 UHA-0122    (0)   :  0.002 0.002 0.002 0.002 0.004 0.002 0.002 0.003 0.002 0.974 0.004 
 83 UHA-0123    (0)   :  0.002 0.002 0.002 0.002 0.004 0.002 0.002 0.918 0.002 0.061 0.002 
 84 UHA-0124    (7)   :  0.002 0.004 0.003 0.002 0.006 0.003 0.004 0.154 0.003 0.816 0.003 
 85 UHA-0125    (0)   :  0.015 0.011 0.018 0.013 0.083 0.025 0.020 0.525 0.010 0.275 0.005 
 86 UHA-0128    (7)   :  0.002 0.003 0.002 0.002 0.008 0.003 0.003 0.963 0.003 0.004 0.007 
 87 UHA-0129    (7)   :  0.002 0.002 0.002 0.002 0.006 0.002 0.002 0.967 0.002 0.005 0.006 
 88 UHA-0130    (0)   :  0.002 0.002 0.002 0.002 0.004 0.002 0.003 0.974 0.002 0.004 0.002 
 89 UHA-0131    (0)   :  0.040 0.018 0.034 0.013 0.018 0.010 0.006 0.824 0.014 0.018 0.007 
 90 UHA-0132    (0)   :  0.043 0.005 0.028 0.005 0.004 0.006 0.003 0.768 0.008 0.119 0.011 
 91 UHA-0133    (7)   :  0.002 0.003 0.003 0.003 0.006 0.003 0.003 0.941 0.003 0.027 0.005 
 92 UHA-0134    (7)   :  0.002 0.003 0.002 0.002 0.004 0.002 0.003 0.972 0.002 0.006 0.002 
 93 UHA-0136    (0)   :  0.002 0.002 0.002 0.002 0.005 0.002 0.002 0.972 0.002 0.004 0.005 
 94 UHA-0137    (0)   :  0.002 0.002 0.002 0.002 0.004 0.002 0.002 0.977 0.002 0.004 0.002 
 95 UHA-0138    (0)   :  0.004 0.757 0.008 0.009 0.003 0.071 0.007 0.066 0.010 0.049 0.016 
 96 UHA-0139    (0)   :  0.002 0.009 0.003 0.003 0.003 0.003 0.003 0.128 0.004 0.838 0.003 
 97 UHA-0140    (0)   :  0.043 0.006 0.004 0.007 0.015 0.009 0.006 0.561 0.025 0.316 0.008 
 98 UHA-0141    (0)   :  0.004 0.007 0.004 0.003 0.008 0.004 0.006 0.133 0.004 0.816 0.011 
 99 UHA-0143    (0)   :  0.002 0.002 0.002 0.002 0.006 0.002 0.002 0.956 0.002 0.016 0.006 
100 UHA-0144    (0)   :  0.002 0.002 0.002 0.002 0.005 0.002 0.002 0.969 0.003 0.005 0.005 
101 UHA-0146    (7)   :  0.003 0.002 0.002 0.002 0.004 0.003 0.009 0.957 0.003 0.011 0.005 
102 UHA-0147    (7)   :  0.002 0.003 0.003 0.002 0.003 0.003 0.003 0.944 0.004 0.029 0.003 
103 UHA-0150    (0)   :  0.003 0.005 0.003 0.003 0.483 0.004 0.005 0.479 0.004 0.009 0.004 
104 UHA-0162    (7)   :  0.024 0.013 0.289 0.008 0.553 0.057 0.016 0.011 0.016 0.005 0.009 
105 UHA-0163    (0)   :  0.002 0.002 0.002 0.002 0.972 0.002 0.002 0.005 0.002 0.006 0.002 
106 UHA-0164   (15)   :  0.002 0.004 0.003 0.004 0.020 0.003 0.004 0.941 0.003 0.012 0.004 
107 UHA-0165    (0)   :  0.002 0.002 0.002 0.002 0.005 0.002 0.002 0.972 0.002 0.007 0.002 
108 UHA-0167   (23)   :  0.003 0.009 0.007 0.009 0.007 0.008 0.007 0.175 0.007 0.765 0.004 
109 UHA-0148    (0)   :  0.004 0.018 0.008 0.240 0.661 0.013 0.003 0.009 0.025 0.004 0.017 
110 UHA-0151    (0)   :  0.002 0.010 0.006 0.004 0.749 0.004 0.006 0.052 0.008 0.155 0.004 
111 UHA-0152    (0)   :  0.002 0.002 0.002 0.002 0.630 0.002 0.002 0.049 0.002 0.305 0.003 
112 UHA-0153    (0)   :  0.002 0.002 0.002 0.002 0.675 0.002 0.002 0.007 0.002 0.302 0.002 
113 UHA-0154    (0)   :  0.002 0.002 0.002 0.002 0.919 0.002 0.002 0.044 0.002 0.020 0.002 
114 UHA-0155    (0)   :  0.003 0.002 0.005 0.003 0.613 0.006 0.007 0.020 0.005 0.331 0.006 
115 UHA-0156    (0)   :  0.057 0.005 0.007 0.004 0.575 0.233 0.004 0.076 0.023 0.007 0.009 
116 UHA-0157    (7)   :  0.002 0.002 0.002 0.002 0.976 0.002 0.002 0.005 0.002 0.003 0.003 
117 UHA-0158    (0)   :  0.009 0.004 0.012 0.003 0.607 0.006 0.003 0.330 0.004 0.008 0.015 
118 UHA-0159    (0)   :  0.002 0.005 0.003 0.003 0.329 0.004 0.005 0.008 0.003 0.634 0.004 
119 UHA-0160    (0)   :  0.005 0.003 0.003 0.002 0.539 0.008 0.004 0.007 0.003 0.418 0.008 
120 UHA-0161    (0)   :  0.002 0.002 0.002 0.002 0.637 0.002 0.003 0.038 0.002 0.307 0.002 
121 UHA-0426    (0)   :  0.003 0.004 0.006 0.003 0.008 0.005 0.028 0.918 0.014 0.008 0.004 
122 UHA-0427    (0)   :  0.002 0.003 0.002 0.002 0.005 0.002 0.002 0.525 0.002 0.452 0.003 
123 UHA-0428    (0)   :  0.002 0.002 0.002 0.002 0.004 0.003 0.002 0.977 0.002 0.003 0.002 
124 UHA-0429    (0)   :  0.002 0.002 0.002 0.002 0.976 0.002 0.002 0.002 0.002 0.004 0.003 
125 UHA-0430    (0)   :  0.002 0.002 0.002 0.002 0.657 0.003 0.002 0.014 0.002 0.310 0.003 
126 UHA-0431    (0)   :  0.002 0.003 0.002 0.002 0.609 0.003 0.002 0.004 0.003 0.368 0.003 
127 UHA-0432    (7)   :  0.004 0.003 0.003 0.002 0.957 0.003 0.003 0.011 0.003 0.007 0.004 
128 UHA-0433    (0)   :  0.002 0.002 0.002 0.002 0.973 0.002 0.002 0.007 0.002 0.005 0.002 
129 UHA-0434    (0)   :  0.003 0.006 0.003 0.017 0.448 0.006 0.007 0.497 0.004 0.004 0.006 
130 UHA-0435    (0)   :  0.005 0.006 0.026 0.003 0.030 0.005 0.003 0.860 0.003 0.039 0.019 
131 UHA-0436    (0)   :  0.002 0.002 0.002 0.002 0.004 0.002 0.003 0.974 0.002 0.004 0.002 
132 UHA-0437    (0)   :  0.002 0.002 0.002 0.002 0.009 0.002 0.002 0.877 0.002 0.097 0.002 
133 UHA-0438    (0)   :  0.003 0.002 0.002 0.003 0.005 0.003 0.010 0.940 0.003 0.012 0.017 
134 UHA-0439    (0)   :  0.002 0.002 0.002 0.002 0.044 0.002 0.003 0.140 0.002 0.798 0.003 
135 UHA-0440    (0)   :  0.002 0.002 0.002 0.002 0.004 0.002 0.002 0.005 0.002 0.973 0.003 
136 UHA-0441    (0)   :  0.002 0.002 0.002 0.002 0.005 0.002 0.002 0.009 0.002 0.972 0.002 
137 UHA-0442    (0)   :  0.002 0.002 0.002 0.002 0.004 0.002 0.002 0.007 0.002 0.974 0.002 
138 UHA-0443    (0)   :  0.002 0.002 0.002 0.002 0.003 0.003 0.002 0.004 0.002 0.976 0.003 
139 UHA-0444    (0)   :  0.002 0.002 0.002 0.002 0.003 0.002 0.002 0.006 0.002 0.975 0.002 
140 UHA-0445    (0)   :  0.002 0.002 0.002 0.002 0.007 0.002 0.002 0.004 0.002 0.974 0.002 
141 UHA-0446    (0)   :  0.004 0.012 0.006 0.002 0.038 0.004 0.036 0.127 0.020 0.747 0.005 
142 UHA-0447    (0)   :  0.002 0.002 0.002 0.002 0.004 0.003 0.002 0.003 0.002 0.976 0.003 
143 UHA-0448    (0)   :  0.002 0.002 0.002 0.002 0.003 0.002 0.002 0.005 0.002 0.977 0.002 
144 UHA-0449    (0)   :  0.002 0.002 0.002 0.002 0.004 0.002 0.002 0.002 0.002 0.977 0.004 
145 UHA-0450    (0)   :  0.002 0.002 0.002 0.002 0.003 0.003 0.002 0.004 0.002 0.974 0.003 
146 UHA-0451    (0)   :  0.002 0.002 0.002 0.002 0.004 0.003 0.002 0.004 0.002 0.974 0.002 
147 UHA-0452    (0)   :  0.002 0.002 0.002 0.002 0.004 0.002 0.002 0.003 0.002 0.976 0.003 
148 UHA-0453    (0)   :  0.002 0.002 0.002 0.002 0.003 0.002 0.002 0.005 0.002 0.974 0.002 
149 UHA-0454    (0)   :  0.002 0.002 0.002 0.002 0.004 0.002 0.002 0.003 0.002 0.977 0.003 
150 UHA-0455    (0)   :  0.002 0.002 0.002 0.002 0.004 0.002 0.002 0.003 0.002 0.979 0.002 
151 UHA-0456    (0)   :  0.002 0.002 0.002 0.002 0.004 0.002 0.002 0.004 0.002 0.975 0.002 
152 UHA-0457    (0)   :  0.009 0.005 0.007 0.002 0.075 0.005 0.005 0.003 0.005 0.871 0.014 
153 UHA-0458    (0)   :  0.006 0.005 0.003 0.002 0.251 0.003 0.006 0.003 0.004 0.714 0.004 
154 UHA-0459    (0)   :  0.006 0.002 0.004 0.002 0.066 0.004 0.006 0.014 0.004 0.882 0.010 
155 UHA-0460    (0)   :  0.002 0.002 0.002 0.002 0.003 0.002 0.002 0.004 0.002 0.977 0.003 
156 UHA-0001    (0)   :  0.003 0.007 0.012 0.003 0.003 0.003 0.003 0.002 0.003 0.003 0.960 
157 UHA-0002    (0)   :  0.006 0.053 0.155 0.004 0.004 0.042 0.033 0.004 0.018 0.004 0.678 
158 UHA-0003    (0)   :  0.003 0.009 0.026 0.005 0.014 0.015 0.036 0.003 0.012 0.054 0.824 
159 UHA-0004    (7)   :  0.002 0.004 0.005 0.960 0.003 0.003 0.007 0.002 0.006 0.006 0.002 
160 UHA-0005    (0)   :  0.004 0.009 0.006 0.926 0.014 0.009 0.004 0.003 0.007 0.005 0.014 
161 UHA-0006    (0)   :  0.005 0.021 0.071 0.848 0.012 0.008 0.012 0.006 0.009 0.006 0.003 
162 UHA-0007    (0)   :  0.007 0.296 0.529 0.004 0.008 0.009 0.055 0.005 0.064 0.004 0.019 
163 UHA-0008    (0)   :  0.005 0.938 0.007 0.004 0.006 0.005 0.005 0.006 0.016 0.004 0.004 
164 UHA-0009    (0)   :  0.004 0.004 0.003 0.002 0.004 0.007 0.003 0.926 0.002 0.015 0.029 
165 UHA-0010    (7)   :  0.002 0.003 0.002 0.003 0.003 0.002 0.003 0.953 0.003 0.023 0.003 
166 UHA-0011    (0)   :  0.002 0.002 0.002 0.002 0.005 0.003 0.002 0.975 0.002 0.005 0.002 
167 UHA-0012    (0)   :  0.002 0.002 0.002 0.002 0.978 0.002 0.002 0.004 0.002 0.002 0.002 
168 UHA-0013    (0)   :  0.003 0.004 0.006 0.003 0.027 0.005 0.004 0.929 0.008 0.008 0.003 
169 UHA-0014    (0)   :  0.002 0.002 0.002 0.002 0.004 0.002 0.002 0.975 0.002 0.004 0.002 
170 UHA-0015    (0)   :  0.004 0.003 0.003 0.002 0.003 0.010 0.002 0.850 0.002 0.010 0.112 
171 UHA-0016   (15)   :  0.002 0.003 0.003 0.003 0.009 0.003 0.003 0.962 0.003 0.007 0.003 
172 UHA-0017    (7)   :  0.009 0.005 0.937 0.014 0.003 0.008 0.007 0.005 0.005 0.004 0.004 
173 UHA-0018    (7)   :  0.003 0.048 0.839 0.005 0.003 0.006 0.022 0.004 0.067 0.002 0.002 
174 UHA-0183    (7)   :  0.003 0.002 0.003 0.003 0.002 0.004 0.003 0.002 0.002 0.003 0.972 
175 UHA-0184    (0)   :  0.032 0.003 0.002 0.002 0.003 0.002 0.003 0.003 0.002 0.002 0.944 
176 UHA-0186    (0)   :  0.003 0.004 0.004 0.003 0.112 0.003 0.009 0.002 0.004 0.002 0.855 
177 UHA-0187    (0)   :  0.003 0.005 0.007 0.012 0.007 0.004 0.006 0.006 0.004 0.002 0.943 
178 UHA-0188    (0)   :  0.002 0.003 0.004 0.004 0.003 0.005 0.003 0.005 0.003 0.010 0.959 
179 UHA-0191    (0)   :  0.003 0.002 0.002 0.002 0.003 0.005 0.003 0.003 0.002 0.002 0.971 
180 UHA-0193    (7)   :  0.003 0.009 0.010 0.935 0.002 0.013 0.006 0.007 0.009 0.003 0.003 
181 UHA-0194   (15)   :  0.057 0.008 0.012 0.827 0.002 0.048 0.015 0.002 0.011 0.011 0.008 
182 UHA-0195   (23)   :  0.004 0.028 0.008 0.931 0.002 0.005 0.005 0.002 0.007 0.002 0.006 
183 UHA-0196    (7)   :  0.072 0.004 0.009 0.664 0.006 0.196 0.004 0.003 0.010 0.007 0.024 
184 UHA-0197   (15)   :  0.002 0.003 0.003 0.960 0.003 0.007 0.004 0.004 0.004 0.006 0.004 
185 UHA-0198    (7)   :  0.032 0.163 0.018 0.705 0.002 0.007 0.015 0.003 0.048 0.003 0.004 
186 UHA-0202    (7)   :  0.145 0.150 0.023 0.494 0.003 0.095 0.019 0.012 0.043 0.006 0.010 
187 UHA-0205    (7)   :  0.003 0.009 0.005 0.953 0.005 0.004 0.006 0.004 0.005 0.003 0.004 
188 UHA-0207    (7)   :  0.002 0.003 0.005 0.960 0.003 0.003 0.007 0.002 0.006 0.006 0.002 
189 UHA-0208    (7)   :  0.003 0.018 0.405 0.505 0.005 0.012 0.025 0.005 0.012 0.004 0.005 
190 UHA-0210    (7)   :  0.013 0.025 0.022 0.063 0.024 0.120 0.160 0.143 0.017 0.405 0.009 
191 UHA-0211    (7)   :  0.002 0.003 0.003 0.004 0.002 0.971 0.003 0.002 0.002 0.002 0.006 
192 UHA-0212   (15)   :  0.002 0.002 0.002 0.004 0.002 0.972 0.002 0.002 0.002 0.002 0.006 
193 UHA-0213    (0)   :  0.366 0.004 0.003 0.008 0.006 0.003 0.003 0.004 0.003 0.002 0.597 
194 UHA-0214    (0)   :  0.555 0.003 0.004 0.010 0.002 0.011 0.004 0.002 0.002 0.002 0.406 
195 UHA-0215    (0)   :  0.005 0.016 0.250 0.069 0.009 0.015 0.015 0.006 0.015 0.018 0.582 
196 UHA-0216   (15)   :  0.005 0.043 0.109 0.037 0.004 0.018 0.109 0.004 0.045 0.003 0.622 
197 UHA-0217    (0)   :  0.013 0.030 0.031 0.025 0.004 0.055 0.010 0.020 0.039 0.011 0.764 
198 UHA-0218    (0)   :  0.014 0.024 0.059 0.007 0.016 0.008 0.026 0.003 0.179 0.008 0.656 
199 UHA-0219   (15)   :  0.008 0.063 0.388 0.043 0.014 0.012 0.315 0.007 0.012 0.004 0.135 
200 UHA-0220    (0)   :  0.005 0.028 0.313 0.008 0.003 0.118 0.040 0.004 0.155 0.008 0.317 
201 UHA-0221    (0)   :  0.003 0.008 0.024 0.930 0.004 0.009 0.006 0.004 0.005 0.003 0.005 
202 UHA-0222    (7)   :  0.003 0.004 0.011 0.951 0.005 0.007 0.006 0.004 0.004 0.002 0.004 
203 UHA-0223    (0)   :  0.006 0.010 0.752 0.174 0.006 0.005 0.007 0.003 0.019 0.005 0.011 
204 UHA-0224    (0)   :  0.002 0.003 0.002 0.003 0.007 0.002 0.003 0.969 0.002 0.005 0.003 
205 UHA-0225    (0)   :  0.005 0.007 0.599 0.022 0.004 0.107 0.165 0.005 0.006 0.012 0.069 
206 UHA-0226    (0)   :  0.010 0.009 0.241 0.174 0.005 0.023 0.507 0.005 0.009 0.004 0.014 
207 UHA-0227    (0)   :  0.002 0.012 0.807 0.004 0.003 0.005 0.016 0.096 0.015 0.035 0.003 
208 UHA-0228    (0)   :  0.002 0.009 0.960 0.003 0.003 0.003 0.007 0.003 0.006 0.002 0.002 
209 UHA-0229    (7)   :  0.008 0.005 0.938 0.014 0.003 0.008 0.007 0.005 0.005 0.003 0.003 
210 UHA-0230    (7)   :  0.011 0.202 0.137 0.077 0.019 0.157 0.105 0.017 0.087 0.014 0.173 
211 UHA-0231    (0)   :  0.004 0.893 0.034 0.003 0.004 0.008 0.031 0.005 0.008 0.003 0.006 
212 UHA-0232    (0)   :  0.006 0.015 0.811 0.025 0.006 0.017 0.047 0.004 0.055 0.003 0.012 
213 UHA-0233    (7)   :  0.005 0.404 0.206 0.161 0.004 0.063 0.078 0.006 0.019 0.004 0.049 
214 UHA-0238    (7)   :  0.004 0.014 0.017 0.041 0.004 0.019 0.834 0.010 0.028 0.004 0.025 
215 UHA-0239    (0)   :  0.003 0.061 0.020 0.006 0.012 0.047 0.546 0.102 0.182 0.012 0.009 
216 UHA-0240    (0)   :  0.005 0.013 0.016 0.004 0.002 0.014 0.879 0.003 0.059 0.002 0.003 
217 UHA-0241    (0)   :  0.002 0.781 0.038 0.003 0.002 0.004 0.155 0.004 0.006 0.002 0.002 
218 UHA-0242    (0)   :  0.004 0.673 0.069 0.006 0.003 0.005 0.209 0.003 0.024 0.002 0.002 
219 UHA-0243    (7)   :  0.003 0.100 0.014 0.005 0.002 0.003 0.014 0.002 0.853 0.002 0.002 
220 UHA-0244    (0)   :  0.005 0.740 0.097 0.011 0.006 0.012 0.019 0.009 0.073 0.006 0.023 
221 UHA-0245    (7)   :  0.006 0.010 0.855 0.006 0.004 0.042 0.016 0.004 0.007 0.004 0.049 
222 UHA-0246    (7)   :  0.004 0.757 0.167 0.005 0.004 0.008 0.035 0.004 0.008 0.003 0.004 
223 UHA-0247    (7)   :  0.004 0.052 0.007 0.010 0.005 0.009 0.065 0.007 0.831 0.005 0.006 
224 UHA-0248    (0)   :  0.005 0.003 0.003 0.004 0.004 0.866 0.004 0.029 0.003 0.069 0.011 
225 UHA-0249    (7)   :  0.003 0.004 0.004 0.013 0.003 0.944 0.004 0.009 0.003 0.007 0.006 
226 UHA-0251    (0)   :  0.009 0.007 0.005 0.023 0.005 0.914 0.008 0.003 0.005 0.005 0.015 
227 UHA-0252    (7)   :  0.210 0.005 0.029 0.330 0.015 0.351 0.007 0.015 0.006 0.030 0.002 
228 UHA-0254    (7)   :  0.126 0.032 0.042 0.004 0.002 0.771 0.007 0.003 0.005 0.002 0.006 
229 UHA-0255    (7)   :  0.044 0.006 0.011 0.085 0.004 0.809 0.014 0.014 0.006 0.005 0.004 
230 UHA-0256   (15)   :  0.010 0.009 0.080 0.003 0.032 0.100 0.012 0.701 0.009 0.011 0.031 
231 UHA-0257    (0)   :  0.002 0.002 0.003 0.002 0.004 0.003 0.002 0.003 0.002 0.975 0.003 
232 UHA-0258    (7)   :  0.008 0.004 0.008 0.002 0.873 0.003 0.003 0.042 0.005 0.045 0.006 
233 UHA-0259    (7)   :  0.005 0.004 0.010 0.003 0.013 0.007 0.014 0.873 0.029 0.009 0.032 
234 UHA-0260    (0)   :  0.002 0.002 0.002 0.002 0.003 0.002 0.002 0.004 0.002 0.978 0.002 
235 UHA-0261    (0)   :  0.002 0.004 0.003 0.003 0.005 0.003 0.003 0.012 0.003 0.961 0.003 
236 UHA-0262    (0)   :  0.002 0.002 0.003 0.003 0.007 0.003 0.002 0.969 0.002 0.003 0.004 
237 UHA-0263    (0)   :  0.002 0.002 0.002 0.002 0.004 0.003 0.002 0.975 0.002 0.004 0.002 
238 UHA-0264    (0)   :  0.002 0.010 0.005 0.003 0.085 0.003 0.004 0.875 0.003 0.005 0.004 
239 UHA-0265    (0)   :  0.002 0.003 0.003 0.002 0.004 0.002 0.003 0.974 0.002 0.003 0.002 
240 UHA-0266    (7)   :  0.002 0.003 0.003 0.002 0.006 0.003 0.002 0.968 0.002 0.007 0.002 
241 UHA-0267    (0)   :  0.002 0.002 0.002 0.002 0.003 0.002 0.002 0.978 0.002 0.003 0.002 
242 UHA-0273    (7)   :  0.011 0.005 0.009 0.513 0.003 0.384 0.009 0.018 0.009 0.027 0.012 
243 UHA-0282    (0)   :  0.003 0.586 0.251 0.007 0.002 0.005 0.035 0.002 0.100 0.005 0.004 
244 UHA-0283    (7)   :  0.005 0.003 0.004 0.003 0.004 0.004 0.005 0.004 0.003 0.002 0.963 
245 UHA-0284    (0)   :  0.003 0.020 0.849 0.019 0.010 0.005 0.058 0.005 0.022 0.005 0.004 
246 UHA-0285    (0)   :  0.003 0.003 0.002 0.003 0.002 0.003 0.002 0.002 0.002 0.002 0.975 
247 UHA-0286    (0)   :  0.283 0.042 0.012 0.003 0.008 0.008 0.004 0.003 0.102 0.007 0.529 
248 UHA-0287   (23)   :  0.007 0.003 0.004 0.006 0.003 0.014 0.004 0.002 0.003 0.002 0.952 
249 UHA-0288    (7)   :  0.005 0.009 0.534 0.005 0.314 0.017 0.080 0.003 0.025 0.003 0.004 
250 UHA-0289    (7)   :  0.026 0.847 0.014 0.003 0.002 0.005 0.071 0.003 0.024 0.002 0.004 
251 UHA-0294    (7)   :  0.010 0.918 0.011 0.012 0.003 0.011 0.010 0.007 0.010 0.004 0.005 
252 UHA-0295   (15)   :  0.005 0.455 0.109 0.047 0.020 0.010 0.010 0.008 0.318 0.006 0.013 
253 UHA-0299    (0)   :  0.003 0.386 0.012 0.004 0.002 0.005 0.032 0.007 0.542 0.005 0.003 
254 UHA-0300    (0)   :  0.010 0.003 0.005 0.016 0.002 0.021 0.006 0.002 0.003 0.002 0.930 
255 UHA-0301    (0)   :  0.002 0.005 0.004 0.002 0.002 0.002 0.974 0.003 0.003 0.001 0.002 
256 UHA-0302    (7)   :  0.003 0.008 0.762 0.005 0.003 0.003 0.191 0.006 0.013 0.002 0.003 
257 UHA-0303    (0)   :  0.004 0.036 0.059 0.010 0.208 0.007 0.651 0.005 0.009 0.003 0.008 
258 UHA-0304    (0)   :  0.013 0.009 0.798 0.003 0.002 0.024 0.022 0.004 0.108 0.006 0.011 
259 UHA-0305    (7)   :  0.003 0.009 0.008 0.003 0.005 0.005 0.957 0.002 0.004 0.002 0.002 
260 UHA-0306   (15)   :  0.005 0.068 0.090 0.008 0.009 0.015 0.773 0.004 0.019 0.008 0.003 
261 UHA-0307    (0)   :  0.004 0.007 0.005 0.003 0.004 0.004 0.006 0.003 0.957 0.005 0.003 
262 UHA-0308   (15)   :  0.003 0.005 0.009 0.008 0.003 0.003 0.952 0.003 0.008 0.002 0.004 
263 UHA-0309    (0)   :  0.005 0.007 0.015 0.004 0.002 0.006 0.005 0.002 0.947 0.002 0.005 
264 UHA-0310    (0)   :  0.010 0.084 0.018 0.010 0.002 0.010 0.028 0.002 0.831 0.003 0.002 
265 UHA-0311    (0)   :  0.002 0.010 0.003 0.005 0.002 0.004 0.002 0.002 0.003 0.002 0.965 
266 UHA-0312    (7)   :  0.003 0.005 0.007 0.005 0.002 0.004 0.935 0.002 0.023 0.004 0.010 
267 UHA-0313    (0)   :  0.006 0.014 0.019 0.005 0.002 0.009 0.865 0.002 0.061 0.004 0.014 
268 UHA-0314   (23)   :  0.007 0.007 0.004 0.004 0.005 0.009 0.003 0.007 0.004 0.009 0.942 
269 UHA-0316    (0)   :  0.004 0.068 0.027 0.007 0.004 0.010 0.010 0.007 0.848 0.011 0.005 
270 UHA-0317    (7)   :  0.016 0.660 0.048 0.006 0.002 0.009 0.005 0.008 0.150 0.079 0.017 
271 UHA-0318    (7)   :  0.004 0.017 0.439 0.005 0.003 0.008 0.028 0.004 0.485 0.003 0.003 
272 UHA-0319    (0)   :  0.003 0.005 0.003 0.005 0.002 0.002 0.002 0.002 0.005 0.002 0.969 
273 UHA-0320    (0)   :  0.005 0.005 0.003 0.004 0.003 0.003 0.003 0.070 0.003 0.004 0.897 
274 UHA-0321    (7)   :  0.002 0.006 0.062 0.005 0.002 0.019 0.886 0.004 0.008 0.003 0.003 
275 UHA-0322    (0)   :  0.007 0.005 0.008 0.012 0.002 0.004 0.015 0.010 0.922 0.005 0.009 
276 UHA-0323    (0)   :  0.008 0.013 0.008 0.023 0.003 0.010 0.012 0.003 0.006 0.003 0.911 
277 UHA-0324    (7)   :  0.006 0.005 0.004 0.003 0.021 0.005 0.003 0.010 0.005 0.004 0.933 
278 UHA-0325    (0)   :  0.004 0.003 0.005 0.005 0.005 0.006 0.002 0.002 0.003 0.007 0.959 
279 UHA-0326    (0)   :  0.003 0.011 0.006 0.003 0.021 0.003 0.007 0.002 0.010 0.002 0.930 
280 UHA-0327    (7)   :  0.004 0.004 0.003 0.003 0.004 0.004 0.003 0.004 0.005 0.002 0.964 
281 UHA-0329    (0)   :  0.007 0.028 0.300 0.022 0.003 0.051 0.398 0.003 0.181 0.002 0.006 
282 UHA-0330    (0)   :  0.007 0.040 0.836 0.005 0.002 0.023 0.050 0.002 0.026 0.003 0.005 
283 UHA-0331   (23)   :  0.010 0.004 0.005 0.004 0.006 0.007 0.003 0.006 0.005 0.005 0.945 
284 UHA-0332    (0)   :  0.003 0.926 0.007 0.006 0.002 0.004 0.006 0.004 0.037 0.003 0.003 
285 UHA-0333    (0)   :  0.004 0.003 0.004 0.003 0.003 0.006 0.003 0.002 0.004 0.002 0.968 
286 UHA-0334    (0)   :  0.009 0.005 0.010 0.004 0.007 0.010 0.004 0.002 0.003 0.005 0.941 
287 UHA-0335   (15)   :  0.004 0.015 0.820 0.006 0.002 0.009 0.105 0.003 0.032 0.003 0.003 
288 UHA-0337    (0)   :  0.005 0.014 0.239 0.025 0.002 0.006 0.014 0.006 0.680 0.004 0.004 
289 UHA-0338    (7)   :  0.013 0.010 0.013 0.004 0.003 0.088 0.007 0.005 0.026 0.005 0.827 
290 UHA-0339    (0)   :  0.011 0.004 0.055 0.007 0.006 0.008 0.019 0.002 0.004 0.003 0.881 
291 UHA-0340    (0)   :  0.009 0.179 0.458 0.080 0.009 0.146 0.047 0.006 0.052 0.009 0.005 
292 UHA-0343    (0)   :  0.286 0.042 0.011 0.003 0.008 0.008 0.004 0.003 0.101 0.007 0.528 
293 UHA-0345    (0)   :  0.005 0.913 0.007 0.003 0.010 0.006 0.032 0.012 0.009 0.002 0.002 
294 UHA-0346    (7)   :  0.013 0.659 0.188 0.009 0.009 0.021 0.043 0.002 0.039 0.002 0.016 
295 UHA-0347    (7)   :  0.005 0.174 0.224 0.009 0.046 0.019 0.180 0.017 0.322 0.002 0.003 
296 UHA-0348    (0)   :  0.003 0.011 0.012 0.012 0.005 0.003 0.005 0.003 0.939 0.003 0.003 
297 UHA-0349   (23)   :  0.008 0.426 0.007 0.005 0.017 0.004 0.072 0.005 0.448 0.006 0.003 
298 UHA-0350    (0)   :  0.003 0.004 0.003 0.002 0.004 0.003 0.004 0.003 0.003 0.002 0.969 
299 UHA-0354    (0)   :  0.006 0.042 0.032 0.160 0.008 0.220 0.040 0.004 0.468 0.004 0.016 
300 UHA-0352    (7)   :  0.004 0.738 0.158 0.007 0.002 0.004 0.011 0.002 0.067 0.002 0.004 
301 UHA-0353    (7)   :  0.024 0.123 0.044 0.023 0.003 0.006 0.302 0.004 0.462 0.002 0.006 
302 UHA-0172    (0)   :  0.004 0.007 0.005 0.963 0.002 0.003 0.004 0.002 0.007 0.001 0.002 
303 UHA-0174    (0)   :  0.031 0.174 0.019 0.174 0.006 0.030 0.018 0.007 0.519 0.008 0.013 
304 UHA-0175    (0)   :  0.003 0.474 0.043 0.011 0.002 0.020 0.356 0.011 0.071 0.007 0.003 
305 UHA-0176    (0)   :  0.002 0.002 0.004 0.005 0.003 0.003 0.003 0.012 0.003 0.005 0.958 
306 UHA-0177    (7)   :  0.022 0.035 0.655 0.008 0.023 0.072 0.030 0.006 0.131 0.011 0.007 
307 UHA-0178    (0)   :  0.003 0.002 0.004 0.008 0.004 0.003 0.005 0.013 0.004 0.002 0.953 
308 UHA-0179    (7)   :  0.004 0.009 0.010 0.703 0.005 0.226 0.014 0.003 0.007 0.002 0.018 
309 UHA-0189    (0)   :  0.002 0.003 0.003 0.004 0.004 0.005 0.003 0.006 0.004 0.009 0.957 
310 UHA-0190    (0)   :  0.004 0.003 0.003 0.006 0.003 0.006 0.003 0.003 0.003 0.004 0.964 
311 UHA-0199    (7)   :  0.031 0.009 0.011 0.901 0.003 0.008 0.011 0.005 0.010 0.004 0.007 
312 UHA-0276    (0)   :  0.960 0.003 0.003 0.006 0.003 0.008 0.003 0.002 0.004 0.002 0.006 
313 UHA-0277    (7)   :  0.951 0.006 0.003 0.003 0.002 0.004 0.004 0.002 0.003 0.002 0.020 
314 UHA-0203    (7)   :  0.003 0.002 0.002 0.975 0.002 0.004 0.003 0.002 0.003 0.002 0.003 
315 UHA-0204    (0)   :  0.004 0.004 0.005 0.959 0.004 0.004 0.005 0.005 0.007 0.002 0.004 
316 UHA-0234    (0)   :  0.005 0.331 0.321 0.015 0.004 0.005 0.023 0.003 0.284 0.003 0.007 
317 UHA-0235    (0)   :  0.004 0.871 0.013 0.042 0.006 0.008 0.015 0.004 0.030 0.004 0.004 
318 UHA-0236    (0)   :  0.026 0.023 0.098 0.554 0.005 0.048 0.029 0.012 0.106 0.003 0.095 
319 UHA-0268    (0)   :  0.026 0.028 0.046 0.004 0.008 0.108 0.050 0.396 0.013 0.317 0.004 
320 UHA-0269    (0)   :  0.054 0.005 0.006 0.003 0.006 0.804 0.006 0.074 0.014 0.020 0.009 
321 UHA-0270    (7)   :  0.020 0.017 0.240 0.007 0.178 0.116 0.022 0.052 0.092 0.028 0.228 
322 UHA-0271    (0)   :  0.012 0.017 0.069 0.021 0.017 0.041 0.014 0.291 0.009 0.115 0.394 
323 UHA-0272    (0)   :  0.005 0.004 0.237 0.028 0.038 0.039 0.009 0.010 0.136 0.481 0.014 
324 UHA-0355    (7)   :  0.030 0.134 0.506 0.015 0.003 0.026 0.073 0.002 0.205 0.003 0.003 
325 UHA-0356    (0)   :  0.003 0.035 0.007 0.006 0.020 0.011 0.007 0.061 0.829 0.018 0.003 
326 UHA-0357    (0)   :  0.011 0.007 0.807 0.004 0.006 0.004 0.007 0.002 0.139 0.004 0.009 
327 UHA-0358    (0)   :  0.003 0.054 0.720 0.008 0.010 0.013 0.099 0.013 0.074 0.003 0.003 
328 UHA-0359    (0)   :  0.065 0.046 0.015 0.010 0.012 0.011 0.044 0.014 0.751 0.003 0.029 
329 UHA-0361   (23)   :  0.016 0.074 0.013 0.007 0.003 0.005 0.008 0.003 0.850 0.013 0.007 
330 UHA-0362    (0)   :  0.004 0.502 0.018 0.006 0.023 0.005 0.140 0.006 0.279 0.009 0.008 
331 UHA-0363   (15)   :  0.003 0.038 0.261 0.023 0.005 0.009 0.063 0.006 0.579 0.007 0.006 
332 UHA-0379    (0)   :  0.003 0.002 0.002 0.003 0.031 0.003 0.002 0.048 0.003 0.029 0.874 
333 UHA-0365    (0)   :  0.003 0.004 0.006 0.004 0.003 0.002 0.006 0.002 0.964 0.003 0.003 
334 UHA-0366    (0)   :  0.007 0.008 0.023 0.009 0.026 0.048 0.032 0.017 0.816 0.009 0.005 
335 UHA-0367    (0)   :  0.024 0.009 0.025 0.008 0.003 0.006 0.006 0.006 0.007 0.005 0.901 
336 UHA-0368    (0)   :  0.003 0.002 0.003 0.005 0.002 0.009 0.003 0.002 0.003 0.004 0.964 
337 UHA-0369    (0)   :  0.002 0.002 0.002 0.002 0.003 0.003 0.002 0.003 0.002 0.002 0.977 
338 UHA-0370    (7)   :  0.004 0.005 0.008 0.011 0.003 0.008 0.004 0.003 0.008 0.003 0.944 
339 UHA-0371    (7)   :  0.006 0.007 0.004 0.003 0.047 0.009 0.010 0.006 0.005 0.024 0.880 
340 UHA-0372    (7)   :  0.005 0.011 0.018 0.012 0.011 0.004 0.007 0.013 0.908 0.006 0.004 
341 UHA-0373   (15)   :  0.005 0.913 0.006 0.003 0.002 0.018 0.033 0.002 0.012 0.002 0.003 
342 UHA-0374    (0)   :  0.015 0.122 0.029 0.077 0.026 0.151 0.231 0.003 0.341 0.002 0.005 
343 UHA-0375    (0)   :  0.003 0.949 0.005 0.007 0.003 0.007 0.006 0.004 0.007 0.004 0.004 
344 UHA-0376    (0)   :  0.002 0.180 0.024 0.028 0.011 0.005 0.706 0.004 0.035 0.002 0.003 
345 UHA-0377    (0)   :  0.003 0.003 0.003 0.003 0.003 0.004 0.002 0.002 0.003 0.002 0.972 
346 UHA-0378    (0)   :  0.003 0.004 0.002 0.003 0.004 0.003 0.004 0.004 0.003 0.004 0.967 
347 UHA-0380    (7)   :  0.005 0.006 0.009 0.004 0.004 0.026 0.015 0.008 0.007 0.004 0.911 
348 UHA-0381    (0)   :  0.004 0.004 0.006 0.004 0.002 0.025 0.004 0.003 0.004 0.002 0.943 
349 UHA-0382    (0)   :  0.005 0.002 0.003 0.009 0.002 0.008 0.003 0.002 0.003 0.003 0.961 
350 UHA-0383   (15)   :  0.012 0.004 0.013 0.056 0.010 0.015 0.007 0.003 0.006 0.007 0.867 
351 UHA-0384    (7)   :  0.004 0.011 0.009 0.002 0.003 0.006 0.011 0.003 0.007 0.002 0.942 
352 UHA-0385    (0)   :  0.004 0.004 0.019 0.004 0.002 0.005 0.005 0.002 0.005 0.002 0.949 
353 UHA-0386    (7)   :  0.002 0.002 0.003 0.002 0.002 0.003 0.002 0.002 0.002 0.002 0.977 
354 UHA-0387    (0)   :  0.003 0.004 0.007 0.002 0.002 0.003 0.006 0.002 0.008 0.002 0.962 
355 UHA-0388    (0)   :  0.002 0.003 0.003 0.002 0.003 0.003 0.008 0.006 0.006 0.004 0.958 
356 UHA-0389    (7)   :  0.005 0.011 0.007 0.006 0.002 0.003 0.005 0.003 0.005 0.003 0.950 
357 UHA-0390    (0)   :  0.002 0.003 0.003 0.002 0.003 0.002 0.003 0.003 0.002 0.003 0.975 
358 UHA-0391    (0)   :  0.116 0.006 0.003 0.002 0.003 0.012 0.004 0.004 0.005 0.004 0.840 
359 UHA-0392    (0)   :  0.003 0.002 0.002 0.003 0.029 0.003 0.002 0.042 0.003 0.027 0.884 
360 UHA-0393    (0)   :  0.010 0.003 0.005 0.003 0.010 0.008 0.003 0.005 0.005 0.004 0.945 
361 UHA-0394    (0)   :  0.005 0.005 0.038 0.007 0.002 0.018 0.008 0.002 0.015 0.002 0.897 
362 UHA-0395    (7)   :  0.008 0.035 0.898 0.003 0.003 0.006 0.018 0.007 0.008 0.004 0.008 
363 UHA-0396    (0)   :  0.010 0.040 0.903 0.004 0.002 0.006 0.015 0.003 0.006 0.004 0.007 
364 UHA-0397    (7)   :  0.020 0.023 0.038 0.038 0.004 0.006 0.693 0.015 0.142 0.005 0.017 
365 UHA-0398    (0)   :  0.006 0.064 0.120 0.008 0.036 0.542 0.126 0.013 0.064 0.015 0.005 
366 UHA-0399    (7)   :  0.003 0.013 0.908 0.006 0.002 0.006 0.021 0.002 0.030 0.004 0.005 
367 UHA-0400    (0)   :  0.004 0.038 0.007 0.003 0.003 0.003 0.008 0.003 0.926 0.003 0.002 
368 UHA-0401   (15)   :  0.006 0.127 0.806 0.005 0.002 0.008 0.013 0.005 0.016 0.005 0.007 
369 UHA-0402   (23)   :  0.004 0.032 0.555 0.006 0.004 0.011 0.202 0.003 0.169 0.005 0.009 
370 UHA-0404    (0)   :  0.003 0.003 0.017 0.003 0.058 0.004 0.007 0.008 0.002 0.003 0.892 
371 UHA-0405    (0)   :  0.012 0.050 0.785 0.022 0.003 0.011 0.047 0.004 0.020 0.007 0.040 
372 UHA-0406    (0)   :  0.002 0.965 0.005 0.003 0.006 0.002 0.006 0.002 0.005 0.002 0.002 
373 UHA-0407    (0)   :  0.005 0.041 0.081 0.003 0.003 0.005 0.665 0.002 0.187 0.004 0.003 
374 UHA-0408    (0)   :  0.003 0.003 0.003 0.002 0.002 0.003 0.004 0.002 0.003 0.002 0.973 
375 UHA-0409    (0)   :  0.003 0.049 0.767 0.003 0.004 0.004 0.015 0.006 0.129 0.017 0.002 
376 UHA-0410    (0)   :  0.004 0.004 0.002 0.003 0.003 0.007 0.021 0.003 0.010 0.002 0.942 
377 UHA-0411    (7)   :  0.003 0.027 0.864 0.004 0.003 0.003 0.021 0.002 0.068 0.003 0.002 
378 UHA-0412    (0)   :  0.004 0.004 0.002 0.003 0.003 0.007 0.021 0.002 0.010 0.002 0.941 
379 UHA-0413    (0)   :  0.003 0.874 0.036 0.004 0.009 0.006 0.008 0.011 0.007 0.002 0.038 
380 UHA-0414    (0)   :  0.002 0.004 0.005 0.004 0.002 0.003 0.003 0.002 0.004 0.002 0.969 
381 UHA-0415    (0)   :  0.003 0.003 0.003 0.003 0.002 0.003 0.003 0.002 0.003 0.002 0.974 
382 UHA-0416    (0)   :  0.012 0.005 0.006 0.002 0.002 0.008 0.005 0.004 0.004 0.003 0.949 
383 UHA-0417    (0)   :  0.003 0.004 0.004 0.003 0.018 0.009 0.011 0.048 0.004 0.092 0.802 
384 UHA-0418    (0)   :  0.002 0.002 0.002 0.003 0.003 0.003 0.002 0.003 0.002 0.002 0.976 
385 UHA-0419    (0)   :  0.003 0.004 0.002 0.004 0.002 0.004 0.004 0.002 0.003 0.002 0.969 
386 UHA-0420    (0)   :  0.006 0.879 0.046 0.003 0.004 0.003 0.013 0.003 0.037 0.003 0.002 
387 UHA-0421    (0)   :  0.009 0.013 0.010 0.005 0.005 0.010 0.007 0.007 0.919 0.004 0.010 
388 UHA-0422    (0)   :  0.024 0.036 0.026 0.004 0.004 0.013 0.017 0.004 0.076 0.010 0.785 
389 UHA-0423    (0)   :  0.009 0.004 0.007 0.003 0.003 0.003 0.006 0.003 0.005 0.003 0.954 
390 UHA-0424    (0)   :  0.008 0.021 0.080 0.061 0.002 0.007 0.664 0.004 0.137 0.002 0.014 
391 UHA-0425    (0)   :  0.003 0.033 0.009 0.003 0.010 0.006 0.008 0.030 0.882 0.015 0.002 
392 UHA-0461    (0)   :  0.003 0.045 0.034 0.041 0.124 0.029 0.511 0.005 0.195 0.005 0.008 
393 UHA-0462    (7)   :  0.005 0.254 0.496 0.004 0.004 0.005 0.205 0.010 0.011 0.003 0.003 
394 UHA-0463    (7)   :  0.002 0.970 0.004 0.003 0.002 0.002 0.004 0.002 0.007 0.002 0.002 
395 UHA-0464    (0)   :  0.002 0.959 0.007 0.003 0.004 0.003 0.004 0.004 0.009 0.003 0.003 
396 UHA-0465    (0)   :  0.003 0.832 0.010 0.004 0.006 0.007 0.018 0.070 0.022 0.026 0.003 
397 UHA-0466    (0)   :  0.003 0.046 0.281 0.025 0.003 0.005 0.139 0.002 0.490 0.002 0.004 
