

----------------------------------------------------
STRUCTURE by Pritchard, Stephens and Donnelly (2000)
     and Falush, Stephens and Pritchard (2003)
       Code by Pritchard, Falush and Hubisz
             Version 2.3.4 (Jul 2012)
----------------------------------------------------



Command line arguments:   bin\structure -m C:\Users\eschumacher\Documents\GitHub\USBGHybridAcornsREU2023\Analysis\STRUCTURE\All_Loci\UHA_all_loci_nopop\200-200\mainparams -e C:\Users\eschumacher\Documents\GitHub\USBGHybridAcornsREU2023\Analysis\STRUCTURE\All_Loci\UHA_all_loci_nopop\200-200\extraparams 
Input File:    C:\Users\eschumacher\Documents\GitHub\USBGHybridAcornsREU2023\Analysis\STRUCTURE\All_Loci\UHA_all_loci_nopop\project_data

Run parameters:
   417 individuals
   13 loci
   9 populations assumed
   200000 Burn-in period
   200000 Reps


--------------------------------------------
Overall proportion of membership of the
sample in each of the 9 clusters

Inferred Clusters
  1      2      3      4      5      6      7      8      9    
0.180  0.056  0.079  0.089  0.208  0.039  0.078  0.211  0.060  

--------------------------------------------

Allele-freq. divergence among pops (Net nucleotide distance),
computed using point estimates of P.

      1       2       3       4       5       6       7       8       9      
 1      -    0.1807  0.1939  0.1835  0.2081  0.1348  0.1776  0.1997  0.1904  
 2   0.1807     -    0.1229  0.1176  0.2176  0.0888  0.1098  0.1969  0.1134  
 3   0.1939  0.1229     -    0.0377  0.2078  0.0774  0.0325  0.1773  0.0386  
 4   0.1835  0.1176  0.0377     -    0.1928  0.0799  0.0297  0.1936  0.0348  
 5   0.2081  0.2176  0.2078  0.1928     -    0.1567  0.1831  0.0878  0.2174  
 6   0.1348  0.0888  0.0774  0.0799  0.1567     -    0.0676  0.1480  0.0790  
 7   0.1776  0.1098  0.0325  0.0297  0.1831  0.0676     -    0.1877  0.0398  
 8   0.1997  0.1969  0.1773  0.1936  0.0878  0.1480  0.1877     -    0.1763  
 9   0.1904  0.1134  0.0386  0.0348  0.2174  0.0790  0.0398  0.1763     -    

Average distances (expected heterozygosity) between individuals in same cluster:
cluster  1  : 0.5041 
cluster  2  : 0.6547 
cluster  3  : 0.6818 
cluster  4  : 0.6713 
cluster  5  : 0.5245 
cluster  6  : 0.7954 
cluster  7  : 0.7087 
cluster  8  : 0.5406 
cluster  9  : 0.6865 

--------------------------------------------
Estimated Ln Prob of Data   = -15074.6
Mean value of ln likelihood = -14497.8
Variance of ln likelihood   = 1153.6
Mean value of alpha         = 0.0317

Mean value of Fst_1         = 0.1965
Mean value of Fst_2         = 0.1603
Mean value of Fst_3         = 0.0998
Mean value of Fst_4         = 0.0980
Mean value of Fst_5         = 0.4153
Mean value of Fst_6         = 0.0885
Mean value of Fst_7         = 0.0816
Mean value of Fst_8         = 0.3647
Mean value of Fst_9         = 0.1067


Inferred ancestry of individuals:
        Label (%Miss) :  Inferred clusters
  1 UHA-0126    (0)   :  0.013 0.003 0.012 0.004 0.005 0.006 0.007 0.946 0.004 
  2 UHA-0127   (15)   :  0.003 0.002 0.002 0.002 0.009 0.002 0.003 0.974 0.002 
  3 UHA-0135    (0)   :  0.008 0.002 0.003 0.003 0.894 0.003 0.004 0.077 0.004 
  4 UHA-0166    (0)   :  0.004 0.018 0.012 0.023 0.119 0.009 0.010 0.791 0.012 
  5 UHA-0169    (0)   :  0.011 0.007 0.005 0.017 0.012 0.243 0.016 0.679 0.010 
  6 UHA-0058    (7)   :  0.003 0.003 0.003 0.002 0.968 0.003 0.002 0.013 0.003 
  7 UHA-0020    (0)   :  0.002 0.002 0.002 0.002 0.983 0.002 0.002 0.004 0.002 
  8 UHA-0023   (15)   :  0.003 0.002 0.002 0.002 0.972 0.002 0.002 0.012 0.002 
  9 UHA-0025    (0)   :  0.004 0.002 0.003 0.003 0.972 0.003 0.004 0.004 0.004 
 10 UHA-0026    (7)   :  0.003 0.003 0.004 0.003 0.953 0.003 0.003 0.025 0.003 
 11 UHA-0027    (0)   :  0.002 0.002 0.002 0.003 0.980 0.002 0.003 0.004 0.002 
 12 UHA-0028    (0)   :  0.002 0.002 0.002 0.002 0.983 0.002 0.002 0.004 0.002 
 13 UHA-0099    (0)   :  0.013 0.002 0.003 0.004 0.965 0.003 0.003 0.003 0.004 
 14 UHA-0029    (0)   :  0.004 0.002 0.002 0.002 0.980 0.002 0.002 0.004 0.002 
 15 UHA-0043   (15)   :  0.004 0.004 0.003 0.003 0.967 0.003 0.004 0.010 0.003 
 16 UHA-0045    (0)   :  0.002 0.002 0.003 0.002 0.977 0.002 0.002 0.008 0.002 
 17 UHA-0047    (0)   :  0.009 0.003 0.003 0.003 0.963 0.003 0.003 0.010 0.003 
 18 UHA-0050    (0)   :  0.003 0.005 0.011 0.007 0.888 0.005 0.004 0.071 0.006 
 19 UHA-0052    (0)   :  0.004 0.004 0.005 0.003 0.946 0.009 0.016 0.009 0.003 
 20 UHA-0056    (7)   :  0.014 0.002 0.005 0.006 0.461 0.003 0.005 0.499 0.005 
 21 UHA-0068    (7)   :  0.004 0.003 0.003 0.003 0.007 0.002 0.003 0.972 0.003 
 22 UHA-0070    (0)   :  0.003 0.002 0.002 0.002 0.003 0.002 0.002 0.981 0.002 
 23 UHA-0071    (7)   :  0.002 0.002 0.002 0.003 0.004 0.002 0.002 0.979 0.003 
 24 UHA-0075   (15)   :  0.004 0.004 0.004 0.010 0.171 0.004 0.006 0.772 0.025 
 25 UHA-0077    (0)   :  0.002 0.003 0.002 0.003 0.010 0.002 0.002 0.974 0.003 
 26 UHA-0079    (0)   :  0.002 0.002 0.002 0.002 0.004 0.002 0.002 0.981 0.002 
 27 UHA-0080    (7)   :  0.006 0.004 0.017 0.017 0.003 0.003 0.011 0.914 0.026 
 28 UHA-0081    (7)   :  0.002 0.002 0.002 0.002 0.004 0.002 0.002 0.980 0.002 
 29 UHA-0093   (15)   :  0.004 0.002 0.002 0.002 0.004 0.002 0.002 0.979 0.002 
 30 UHA-0094    (0)   :  0.003 0.002 0.003 0.002 0.005 0.002 0.002 0.979 0.002 
 31 UHA-0095    (0)   :  0.003 0.002 0.003 0.002 0.007 0.003 0.002 0.975 0.002 
 32 UHA-0096   (23)   :  0.003 0.003 0.003 0.003 0.021 0.003 0.003 0.958 0.003 
 33 UHA-0097    (7)   :  0.002 0.002 0.003 0.002 0.005 0.003 0.002 0.978 0.002 
 34 UHA-0098    (0)   :  0.003 0.002 0.002 0.002 0.983 0.002 0.002 0.003 0.002 
 35 UHA-0101   (15)   :  0.007 0.002 0.003 0.003 0.973 0.003 0.003 0.003 0.003 
 36 UHA-0105    (0)   :  0.002 0.002 0.002 0.003 0.981 0.002 0.003 0.003 0.002 
 37 UHA-0109    (0)   :  0.005 0.002 0.002 0.003 0.978 0.002 0.002 0.003 0.002 
 38 UHA-0111    (0)   :  0.003 0.002 0.002 0.002 0.974 0.002 0.003 0.008 0.003 
 39 UHA-0112    (7)   :  0.003 0.003 0.004 0.003 0.003 0.002 0.002 0.976 0.004 
 40 UHA-0298    (0)   :  0.003 0.002 0.004 0.003 0.961 0.002 0.003 0.017 0.004 
 41 UHA-0021    (0)   :  0.002 0.002 0.003 0.003 0.968 0.004 0.005 0.004 0.009 
 42 UHA-0022    (0)   :  0.002 0.002 0.002 0.002 0.983 0.002 0.002 0.004 0.002 
 43 UHA-0048    (0)   :  0.002 0.002 0.002 0.002 0.983 0.002 0.002 0.003 0.002 
 44 UHA-0049    (0)   :  0.002 0.002 0.002 0.002 0.981 0.002 0.002 0.006 0.002 
 45 UHA-0053    (0)   :  0.002 0.002 0.003 0.002 0.978 0.002 0.002 0.006 0.002 
 46 UHA-0054    (0)   :  0.002 0.002 0.003 0.002 0.979 0.002 0.003 0.005 0.002 
 47 UHA-0055    (0)   :  0.003 0.004 0.003 0.002 0.781 0.005 0.003 0.196 0.003 
 48 UHA-0069    (0)   :  0.003 0.002 0.002 0.002 0.003 0.002 0.002 0.982 0.002 
 49 UHA-0072    (0)   :  0.003 0.002 0.002 0.003 0.012 0.002 0.003 0.971 0.003 
 50 UHA-0073    (0)   :  0.002 0.002 0.002 0.002 0.003 0.002 0.002 0.982 0.002 
 51 UHA-0074    (0)   :  0.010 0.002 0.003 0.004 0.583 0.004 0.004 0.386 0.003 
 52 UHA-0076    (0)   :  0.002 0.002 0.002 0.002 0.005 0.002 0.002 0.981 0.002 
 53 UHA-0100    (0)   :  0.010 0.003 0.002 0.003 0.961 0.003 0.003 0.009 0.006 
 54 UHA-0102    (0)   :  0.002 0.002 0.002 0.002 0.981 0.002 0.002 0.004 0.002 
 55 UHA-0106    (0)   :  0.002 0.002 0.002 0.002 0.982 0.002 0.002 0.004 0.002 
 56 UHA-0110    (0)   :  0.007 0.002 0.002 0.002 0.967 0.003 0.003 0.010 0.004 
 57 UHA-0036    (7)   :  0.003 0.002 0.002 0.003 0.980 0.002 0.002 0.004 0.002 
 58 UHA-0037    (0)   :  0.004 0.005 0.011 0.011 0.918 0.007 0.008 0.028 0.009 
 59 UHA-0038    (0)   :  0.002 0.003 0.006 0.005 0.847 0.004 0.004 0.123 0.005 
 60 UHA-0089    (0)   :  0.002 0.002 0.002 0.002 0.003 0.002 0.002 0.984 0.002 
 61 UHA-0040    (0)   :  0.003 0.002 0.004 0.003 0.917 0.002 0.002 0.063 0.003 
 62 UHA-0041    (0)   :  0.002 0.002 0.002 0.002 0.981 0.002 0.002 0.005 0.002 
 63 UHA-0090    (0)   :  0.002 0.002 0.003 0.002 0.004 0.002 0.002 0.981 0.002 
 64 UHA-0059    (0)   :  0.002 0.002 0.002 0.002 0.985 0.002 0.002 0.003 0.002 
 65 UHA-0063    (0)   :  0.966 0.006 0.002 0.004 0.005 0.003 0.003 0.010 0.003 
 66 UHA-0082    (0)   :  0.002 0.002 0.002 0.002 0.006 0.002 0.002 0.979 0.002 
 67 UHA-0083    (0)   :  0.003 0.003 0.002 0.003 0.004 0.002 0.002 0.978 0.003 
 68 UHA-0084    (0)   :  0.003 0.002 0.002 0.003 0.007 0.002 0.002 0.975 0.003 
 69 UHA-0085    (0)   :  0.002 0.002 0.002 0.002 0.005 0.002 0.002 0.979 0.003 
 70 UHA-0086    (0)   :  0.002 0.002 0.002 0.003 0.004 0.002 0.002 0.979 0.003 
 71 UHA-0087    (0)   :  0.003 0.003 0.002 0.003 0.003 0.002 0.002 0.981 0.003 
 72 UHA-0088    (0)   :  0.003 0.003 0.002 0.003 0.005 0.002 0.002 0.977 0.003 
 73 UHA-0091    (0)   :  0.003 0.002 0.002 0.002 0.004 0.002 0.002 0.979 0.003 
 74 UHA-0113    (0)   :  0.002 0.002 0.002 0.002 0.981 0.002 0.002 0.004 0.002 
 75 UHA-0114    (7)   :  0.002 0.002 0.002 0.002 0.982 0.002 0.002 0.004 0.002 
 76 UHA-0115    (7)   :  0.028 0.003 0.007 0.004 0.927 0.005 0.005 0.012 0.008 
 77 UHA-0116    (0)   :  0.002 0.002 0.003 0.002 0.978 0.002 0.003 0.005 0.002 
 78 UHA-0118    (0)   :  0.002 0.002 0.002 0.002 0.981 0.002 0.002 0.006 0.002 
 79 UHA-0119    (0)   :  0.004 0.002 0.002 0.002 0.978 0.003 0.002 0.004 0.002 
 80 UHA-0120    (0)   :  0.002 0.002 0.002 0.002 0.979 0.002 0.003 0.004 0.002 
 81 UHA-0121    (0)   :  0.002 0.002 0.002 0.002 0.983 0.002 0.002 0.004 0.002 
 82 UHA-0122    (0)   :  0.004 0.002 0.002 0.002 0.980 0.002 0.002 0.003 0.002 
 83 UHA-0123    (0)   :  0.002 0.002 0.003 0.002 0.096 0.002 0.003 0.888 0.002 
 84 UHA-0124    (7)   :  0.003 0.002 0.004 0.003 0.835 0.003 0.003 0.144 0.003 
 85 UHA-0125    (0)   :  0.004 0.009 0.009 0.017 0.194 0.005 0.008 0.739 0.015 
 86 UHA-0128    (7)   :  0.005 0.002 0.003 0.003 0.004 0.002 0.003 0.975 0.003 
 87 UHA-0129    (7)   :  0.006 0.002 0.002 0.002 0.006 0.002 0.003 0.975 0.002 
 88 UHA-0130    (0)   :  0.002 0.002 0.002 0.002 0.005 0.002 0.003 0.978 0.003 
 89 UHA-0131    (0)   :  0.006 0.008 0.013 0.026 0.015 0.007 0.010 0.909 0.005 
 90 UHA-0132    (0)   :  0.012 0.006 0.005 0.029 0.107 0.011 0.008 0.820 0.003 
 91 UHA-0133    (7)   :  0.005 0.004 0.004 0.003 0.039 0.003 0.004 0.936 0.004 
 92 UHA-0134    (7)   :  0.002 0.002 0.003 0.002 0.006 0.002 0.002 0.977 0.003 
 93 UHA-0136    (0)   :  0.004 0.002 0.002 0.002 0.004 0.002 0.002 0.980 0.002 
 94 UHA-0137    (0)   :  0.002 0.002 0.002 0.002 0.004 0.002 0.002 0.982 0.002 
 95 UHA-0138    (0)   :  0.020 0.009 0.806 0.007 0.048 0.029 0.008 0.064 0.009 
 96 UHA-0139    (0)   :  0.003 0.003 0.009 0.003 0.878 0.002 0.004 0.093 0.004 
 97 UHA-0140    (0)   :  0.008 0.007 0.006 0.004 0.584 0.016 0.027 0.341 0.007 
 98 UHA-0141    (0)   :  0.009 0.003 0.007 0.004 0.885 0.003 0.004 0.077 0.006 
 99 UHA-0143    (0)   :  0.006 0.002 0.002 0.002 0.027 0.002 0.002 0.953 0.002 
100 UHA-0144    (0)   :  0.005 0.003 0.002 0.002 0.006 0.002 0.003 0.975 0.002 
101 UHA-0146    (7)   :  0.006 0.002 0.002 0.002 0.016 0.003 0.003 0.958 0.009 
102 UHA-0147    (7)   :  0.004 0.003 0.004 0.003 0.047 0.003 0.004 0.930 0.003 
103 UHA-0150    (0)   :  0.005 0.003 0.006 0.004 0.005 0.004 0.004 0.964 0.005 
104 UHA-0162    (7)   :  0.011 0.006 0.008 0.431 0.016 0.035 0.026 0.422 0.046 
105 UHA-0163    (0)   :  0.006 0.004 0.007 0.005 0.272 0.004 0.014 0.682 0.006 
106 UHA-0164   (15)   :  0.004 0.004 0.004 0.003 0.009 0.003 0.003 0.966 0.004 
107 UHA-0165    (0)   :  0.002 0.002 0.002 0.002 0.007 0.002 0.002 0.979 0.002 
108 UHA-0167   (23)   :  0.004 0.011 0.010 0.007 0.788 0.006 0.007 0.160 0.007 
109 UHA-0148    (0)   :  0.055 0.165 0.032 0.010 0.006 0.010 0.025 0.693 0.004 
110 UHA-0151    (0)   :  0.009 0.010 0.005 0.007 0.074 0.005 0.009 0.872 0.009 
111 UHA-0152    (0)   :  0.003 0.002 0.002 0.003 0.267 0.002 0.002 0.717 0.002 
112 UHA-0153    (0)   :  0.003 0.002 0.002 0.002 0.302 0.002 0.002 0.682 0.002 
113 UHA-0154    (0)   :  0.002 0.002 0.003 0.003 0.280 0.002 0.007 0.698 0.003 
114 UHA-0155    (0)   :  0.005 0.003 0.002 0.005 0.416 0.003 0.004 0.558 0.004 
115 UHA-0156    (0)   :  0.012 0.006 0.008 0.017 0.016 0.232 0.095 0.600 0.014 
116 UHA-0157    (7)   :  0.005 0.002 0.002 0.005 0.341 0.002 0.004 0.634 0.004 
117 UHA-0158    (0)   :  0.038 0.004 0.009 0.045 0.145 0.007 0.014 0.726 0.012 
118 UHA-0159    (0)   :  0.009 0.004 0.016 0.007 0.688 0.007 0.007 0.239 0.023 
119 UHA-0160    (0)   :  0.009 0.002 0.003 0.004 0.470 0.005 0.003 0.501 0.004 
120 UHA-0161    (0)   :  0.004 0.003 0.004 0.003 0.173 0.003 0.003 0.802 0.005 
121 UHA-0426    (0)   :  0.004 0.003 0.004 0.008 0.008 0.004 0.011 0.923 0.036 
122 UHA-0427    (0)   :  0.003 0.002 0.003 0.002 0.455 0.002 0.003 0.528 0.002 
123 UHA-0428    (0)   :  0.002 0.002 0.002 0.002 0.003 0.002 0.002 0.982 0.002 
124 UHA-0429    (0)   :  0.049 0.004 0.016 0.014 0.496 0.010 0.009 0.345 0.057 
125 UHA-0430    (0)   :  0.004 0.003 0.002 0.002 0.316 0.003 0.002 0.666 0.002 
126 UHA-0431    (0)   :  0.005 0.004 0.006 0.004 0.439 0.004 0.005 0.530 0.004 
127 UHA-0432    (7)   :  0.018 0.003 0.018 0.013 0.215 0.005 0.016 0.633 0.078 
128 UHA-0433    (0)   :  0.005 0.002 0.002 0.004 0.437 0.002 0.003 0.543 0.003 
129 UHA-0434    (0)   :  0.008 0.021 0.008 0.006 0.006 0.005 0.008 0.927 0.011 
130 UHA-0435    (0)   :  0.018 0.003 0.007 0.025 0.069 0.004 0.003 0.868 0.004 
131 UHA-0436    (0)   :  0.002 0.002 0.002 0.002 0.005 0.002 0.003 0.978 0.003 
132 UHA-0437    (0)   :  0.002 0.002 0.002 0.002 0.125 0.002 0.002 0.860 0.002 
133 UHA-0438    (0)   :  0.018 0.003 0.002 0.002 0.025 0.003 0.003 0.931 0.011 
134 UHA-0439    (0)   :  0.003 0.002 0.002 0.002 0.905 0.002 0.002 0.080 0.003 
135 UHA-0440    (0)   :  0.003 0.003 0.002 0.002 0.978 0.002 0.002 0.005 0.002 
136 UHA-0441    (0)   :  0.002 0.002 0.002 0.002 0.978 0.002 0.002 0.010 0.002 
137 UHA-0442    (0)   :  0.002 0.002 0.002 0.002 0.980 0.002 0.002 0.007 0.002 
138 UHA-0443    (0)   :  0.004 0.002 0.002 0.002 0.980 0.002 0.002 0.004 0.002 
139 UHA-0444    (0)   :  0.002 0.002 0.002 0.002 0.980 0.002 0.002 0.005 0.002 
140 UHA-0445    (0)   :  0.002 0.002 0.002 0.002 0.983 0.002 0.002 0.005 0.002 
141 UHA-0446    (0)   :  0.005 0.002 0.011 0.007 0.840 0.003 0.020 0.077 0.034 
142 UHA-0447    (0)   :  0.003 0.002 0.002 0.002 0.981 0.002 0.002 0.003 0.002 
143 UHA-0448    (0)   :  0.002 0.002 0.002 0.002 0.982 0.002 0.002 0.005 0.002 
144 UHA-0449    (0)   :  0.004 0.002 0.002 0.002 0.982 0.002 0.002 0.002 0.002 
145 UHA-0450    (0)   :  0.003 0.002 0.002 0.002 0.979 0.003 0.002 0.004 0.002 
146 UHA-0451    (0)   :  0.003 0.002 0.002 0.002 0.980 0.002 0.002 0.004 0.002 
147 UHA-0452    (0)   :  0.004 0.002 0.002 0.002 0.982 0.002 0.002 0.003 0.002 
148 UHA-0453    (0)   :  0.003 0.002 0.002 0.002 0.979 0.002 0.002 0.005 0.002 
149 UHA-0454    (0)   :  0.003 0.002 0.002 0.002 0.982 0.002 0.002 0.003 0.002 
150 UHA-0455    (0)   :  0.002 0.002 0.002 0.002 0.984 0.002 0.002 0.003 0.002 
151 UHA-0456    (0)   :  0.002 0.002 0.002 0.002 0.981 0.002 0.002 0.004 0.002 
152 UHA-0457    (0)   :  0.005 0.002 0.002 0.003 0.976 0.003 0.003 0.002 0.002 
153 UHA-0458    (0)   :  0.004 0.002 0.003 0.003 0.977 0.003 0.003 0.003 0.003 
154 UHA-0459    (0)   :  0.006 0.002 0.002 0.003 0.970 0.003 0.003 0.008 0.004 
155 UHA-0460    (0)   :  0.003 0.002 0.002 0.002 0.981 0.002 0.002 0.004 0.002 
156 UHA-0001    (0)   :  0.965 0.003 0.006 0.012 0.003 0.002 0.003 0.002 0.003 
157 UHA-0002    (0)   :  0.692 0.003 0.056 0.160 0.004 0.025 0.020 0.005 0.034 
158 UHA-0003    (0)   :  0.844 0.005 0.007 0.038 0.050 0.007 0.010 0.005 0.034 
159 UHA-0004    (7)   :  0.002 0.965 0.004 0.006 0.006 0.003 0.006 0.003 0.007 
160 UHA-0005    (0)   :  0.013 0.945 0.009 0.006 0.006 0.006 0.007 0.003 0.005 
161 UHA-0006    (0)   :  0.004 0.864 0.022 0.070 0.007 0.005 0.009 0.005 0.014 
162 UHA-0007    (0)   :  0.021 0.004 0.362 0.480 0.005 0.007 0.050 0.005 0.066 
163 UHA-0008    (0)   :  0.004 0.005 0.950 0.008 0.004 0.004 0.015 0.006 0.005 
164 UHA-0009    (0)   :  0.033 0.002 0.004 0.004 0.015 0.005 0.003 0.931 0.003 
165 UHA-0010    (7)   :  0.003 0.003 0.003 0.003 0.037 0.002 0.003 0.943 0.003 
166 UHA-0011    (0)   :  0.002 0.002 0.002 0.002 0.004 0.002 0.002 0.982 0.002 
167 UHA-0012    (0)   :  0.005 0.003 0.004 0.003 0.005 0.003 0.003 0.970 0.004 
168 UHA-0013    (0)   :  0.003 0.003 0.003 0.004 0.008 0.003 0.005 0.968 0.004 
169 UHA-0014    (0)   :  0.002 0.002 0.002 0.002 0.004 0.002 0.002 0.980 0.003 
170 UHA-0015    (0)   :  0.130 0.002 0.003 0.003 0.009 0.007 0.002 0.842 0.003 
171 UHA-0016   (15)   :  0.003 0.003 0.003 0.003 0.006 0.003 0.003 0.975 0.003 
172 UHA-0017    (7)   :  0.004 0.017 0.005 0.943 0.004 0.011 0.005 0.005 0.007 
173 UHA-0018    (7)   :  0.002 0.005 0.045 0.871 0.002 0.003 0.054 0.003 0.014 
174 UHA-0183    (7)   :  0.977 0.003 0.003 0.003 0.003 0.003 0.003 0.002 0.002 
175 UHA-0184    (0)   :  0.976 0.002 0.003 0.002 0.002 0.007 0.003 0.003 0.003 
176 UHA-0186    (0)   :  0.924 0.003 0.006 0.006 0.002 0.004 0.005 0.021 0.029 
177 UHA-0187    (0)   :  0.953 0.012 0.005 0.008 0.002 0.003 0.004 0.007 0.006 
178 UHA-0188    (0)   :  0.964 0.005 0.003 0.004 0.010 0.003 0.003 0.005 0.003 
179 UHA-0191    (0)   :  0.977 0.002 0.002 0.002 0.002 0.005 0.003 0.003 0.003 
180 UHA-0193    (7)   :  0.003 0.943 0.010 0.009 0.003 0.009 0.010 0.007 0.006 
181 UHA-0194   (15)   :  0.008 0.838 0.008 0.013 0.012 0.091 0.014 0.002 0.015 
182 UHA-0195   (23)   :  0.005 0.939 0.027 0.008 0.002 0.004 0.007 0.002 0.005 
183 UHA-0196    (7)   :  0.029 0.597 0.004 0.009 0.007 0.337 0.010 0.004 0.004 
184 UHA-0197   (15)   :  0.003 0.971 0.003 0.003 0.005 0.004 0.003 0.004 0.003 
185 UHA-0198    (7)   :  0.004 0.743 0.143 0.017 0.003 0.015 0.058 0.003 0.016 
186 UHA-0202    (7)   :  0.008 0.510 0.150 0.020 0.006 0.237 0.043 0.010 0.017 
187 UHA-0205    (7)   :  0.004 0.961 0.009 0.005 0.003 0.004 0.004 0.003 0.006 
188 UHA-0207    (7)   :  0.002 0.965 0.004 0.006 0.006 0.003 0.005 0.002 0.007 
189 UHA-0208    (7)   :  0.005 0.525 0.018 0.399 0.005 0.008 0.011 0.005 0.025 
190 UHA-0210    (7)   :  0.011 0.079 0.034 0.028 0.399 0.060 0.023 0.187 0.179 
191 UHA-0211    (7)   :  0.009 0.005 0.004 0.003 0.002 0.969 0.002 0.003 0.004 
192 UHA-0212   (15)   :  0.008 0.005 0.002 0.003 0.002 0.972 0.002 0.002 0.003 
193 UHA-0213    (0)   :  0.608 0.028 0.004 0.004 0.002 0.342 0.004 0.004 0.003 
194 UHA-0214    (0)   :  0.395 0.005 0.003 0.003 0.002 0.586 0.002 0.002 0.002 
195 UHA-0215    (0)   :  0.588 0.070 0.016 0.265 0.018 0.007 0.013 0.006 0.017 
196 UHA-0216   (15)   :  0.626 0.039 0.048 0.121 0.003 0.013 0.052 0.004 0.094 
197 UHA-0217    (0)   :  0.776 0.028 0.034 0.032 0.012 0.039 0.046 0.023 0.012 
198 UHA-0218    (0)   :  0.670 0.008 0.023 0.049 0.012 0.009 0.197 0.003 0.028 
199 UHA-0219   (15)   :  0.142 0.049 0.061 0.379 0.004 0.010 0.011 0.007 0.337 
200 UHA-0220    (0)   :  0.322 0.008 0.034 0.435 0.008 0.031 0.124 0.004 0.034 
201 UHA-0221    (0)   :  0.005 0.942 0.007 0.022 0.002 0.006 0.005 0.004 0.006 
202 UHA-0222    (7)   :  0.004 0.959 0.004 0.011 0.002 0.005 0.004 0.004 0.007 
203 UHA-0223    (0)   :  0.012 0.180 0.012 0.743 0.005 0.006 0.017 0.003 0.023 
204 UHA-0224    (0)   :  0.003 0.003 0.003 0.002 0.005 0.002 0.002 0.978 0.003 
205 UHA-0225    (0)   :  0.085 0.027 0.008 0.623 0.013 0.043 0.006 0.005 0.190 
206 UHA-0226    (0)   :  0.013 0.198 0.010 0.217 0.004 0.007 0.015 0.005 0.531 
207 UHA-0227    (0)   :  0.004 0.004 0.012 0.819 0.038 0.003 0.016 0.073 0.031 
208 UHA-0228    (0)   :  0.002 0.002 0.007 0.949 0.002 0.002 0.005 0.003 0.026 
209 UHA-0229    (7)   :  0.004 0.016 0.005 0.942 0.004 0.012 0.005 0.005 0.007 
210 UHA-0230    (7)   :  0.200 0.076 0.223 0.118 0.016 0.080 0.076 0.020 0.191 
211 UHA-0231    (0)   :  0.007 0.003 0.914 0.029 0.003 0.006 0.008 0.005 0.024 
212 UHA-0232    (0)   :  0.013 0.028 0.021 0.814 0.004 0.010 0.038 0.004 0.069 
213 UHA-0233    (7)   :  0.045 0.180 0.398 0.243 0.005 0.018 0.018 0.005 0.089 
214 UHA-0238    (7)   :  0.024 0.039 0.013 0.021 0.005 0.009 0.049 0.008 0.831 
215 UHA-0239    (0)   :  0.011 0.006 0.072 0.026 0.012 0.016 0.189 0.103 0.565 
216 UHA-0240    (0)   :  0.003 0.004 0.012 0.028 0.002 0.007 0.118 0.003 0.824 
217 UHA-0241    (0)   :  0.002 0.004 0.807 0.036 0.002 0.004 0.007 0.004 0.134 
218 UHA-0242    (0)   :  0.002 0.007 0.614 0.072 0.002 0.004 0.026 0.003 0.270 
219 UHA-0243    (7)   :  0.002 0.006 0.150 0.012 0.002 0.003 0.808 0.002 0.016 
220 UHA-0244    (0)   :  0.023 0.012 0.746 0.082 0.006 0.006 0.096 0.009 0.019 
221 UHA-0245    (7)   :  0.046 0.006 0.006 0.897 0.004 0.017 0.005 0.004 0.015 
222 UHA-0246    (7)   :  0.004 0.006 0.725 0.198 0.004 0.006 0.009 0.004 0.045 
223 UHA-0247    (7)   :  0.006 0.013 0.053 0.008 0.005 0.007 0.824 0.007 0.077 
224 UHA-0248    (0)   :  0.057 0.008 0.007 0.006 0.159 0.686 0.004 0.063 0.011 
225 UHA-0249    (7)   :  0.027 0.080 0.010 0.013 0.022 0.799 0.004 0.033 0.013 
226 UHA-0251    (0)   :  0.018 0.025 0.007 0.005 0.004 0.925 0.005 0.003 0.007 
227 UHA-0252    (7)   :  0.002 0.091 0.004 0.015 0.014 0.855 0.005 0.008 0.006 
228 UHA-0254    (7)   :  0.005 0.004 0.026 0.042 0.003 0.907 0.005 0.003 0.006 
229 UHA-0255    (7)   :  0.003 0.099 0.008 0.014 0.005 0.838 0.007 0.011 0.014 
230 UHA-0256   (15)   :  0.033 0.003 0.009 0.098 0.008 0.034 0.009 0.793 0.013 
231 UHA-0257    (0)   :  0.003 0.002 0.002 0.003 0.980 0.002 0.002 0.003 0.002 
232 UHA-0258    (7)   :  0.058 0.002 0.011 0.018 0.852 0.005 0.007 0.036 0.011 
233 UHA-0259    (7)   :  0.029 0.004 0.005 0.011 0.010 0.006 0.028 0.892 0.013 
234 UHA-0260    (0)   :  0.002 0.002 0.002 0.002 0.983 0.002 0.002 0.004 0.002 
235 UHA-0261    (0)   :  0.003 0.003 0.003 0.003 0.970 0.002 0.003 0.011 0.003 
236 UHA-0262    (0)   :  0.004 0.003 0.002 0.002 0.003 0.002 0.002 0.978 0.003 
237 UHA-0263    (0)   :  0.002 0.002 0.002 0.002 0.004 0.002 0.002 0.981 0.002 
238 UHA-0264    (0)   :  0.005 0.003 0.011 0.006 0.005 0.002 0.003 0.962 0.003 
239 UHA-0265    (0)   :  0.002 0.002 0.004 0.003 0.003 0.002 0.002 0.978 0.004 
240 UHA-0266    (7)   :  0.002 0.002 0.003 0.003 0.008 0.002 0.002 0.975 0.003 
241 UHA-0267    (0)   :  0.002 0.002 0.002 0.002 0.003 0.002 0.002 0.982 0.002 
242 UHA-0273    (7)   :  0.012 0.717 0.005 0.007 0.040 0.177 0.012 0.019 0.010 
243 UHA-0282    (0)   :  0.004 0.008 0.587 0.281 0.004 0.004 0.088 0.002 0.022 
244 UHA-0283    (7)   :  0.971 0.003 0.003 0.004 0.002 0.004 0.003 0.004 0.006 
245 UHA-0284    (0)   :  0.004 0.020 0.021 0.860 0.006 0.004 0.023 0.005 0.056 
246 UHA-0285    (0)   :  0.980 0.004 0.003 0.002 0.002 0.003 0.002 0.002 0.002 
247 UHA-0286    (0)   :  0.668 0.003 0.077 0.016 0.007 0.019 0.203 0.003 0.004 
248 UHA-0287   (23)   :  0.965 0.005 0.003 0.004 0.002 0.010 0.003 0.002 0.004 
249 UHA-0288    (7)   :  0.006 0.004 0.017 0.631 0.022 0.010 0.026 0.051 0.233 
250 UHA-0289    (7)   :  0.005 0.003 0.836 0.014 0.002 0.014 0.032 0.003 0.093 
251 UHA-0294    (7)   :  0.006 0.012 0.933 0.011 0.004 0.006 0.013 0.006 0.010 
252 UHA-0295   (15)   :  0.015 0.050 0.529 0.075 0.007 0.007 0.296 0.010 0.010 
253 UHA-0299    (0)   :  0.003 0.004 0.374 0.015 0.004 0.004 0.563 0.006 0.028 
254 UHA-0300    (0)   :  0.932 0.016 0.003 0.005 0.002 0.030 0.003 0.002 0.007 
255 UHA-0301    (0)   :  0.002 0.002 0.005 0.004 0.002 0.002 0.003 0.003 0.977 
256 UHA-0302    (7)   :  0.003 0.005 0.007 0.884 0.002 0.003 0.008 0.005 0.081 
257 UHA-0303    (0)   :  0.010 0.009 0.015 0.032 0.005 0.005 0.009 0.007 0.907 
258 UHA-0304    (0)   :  0.010 0.003 0.009 0.818 0.006 0.024 0.109 0.004 0.018 
259 UHA-0305    (7)   :  0.003 0.003 0.009 0.008 0.002 0.004 0.004 0.003 0.965 
260 UHA-0306   (15)   :  0.003 0.007 0.050 0.084 0.008 0.010 0.018 0.005 0.817 
261 UHA-0307    (0)   :  0.003 0.003 0.007 0.005 0.005 0.003 0.965 0.003 0.006 
262 UHA-0308   (15)   :  0.004 0.006 0.005 0.008 0.002 0.003 0.006 0.003 0.962 
263 UHA-0309    (0)   :  0.005 0.003 0.007 0.013 0.002 0.007 0.956 0.002 0.005 
264 UHA-0310    (0)   :  0.002 0.011 0.062 0.017 0.003 0.006 0.877 0.002 0.020 
265 UHA-0311    (0)   :  0.968 0.005 0.011 0.003 0.002 0.004 0.003 0.002 0.002 
266 UHA-0312    (7)   :  0.010 0.005 0.005 0.010 0.004 0.004 0.070 0.002 0.889 
267 UHA-0313    (0)   :  0.015 0.005 0.018 0.028 0.004 0.008 0.134 0.002 0.787 
268 UHA-0314   (23)   :  0.955 0.004 0.007 0.004 0.009 0.007 0.004 0.007 0.003 
269 UHA-0316    (0)   :  0.005 0.007 0.071 0.031 0.012 0.006 0.851 0.007 0.011 
270 UHA-0317    (7)   :  0.017 0.007 0.716 0.029 0.088 0.011 0.122 0.006 0.005 
271 UHA-0318    (7)   :  0.003 0.006 0.017 0.534 0.004 0.006 0.405 0.003 0.021 
272 UHA-0319    (0)   :  0.975 0.005 0.004 0.003 0.002 0.003 0.005 0.002 0.002 
273 UHA-0320    (0)   :  0.915 0.005 0.006 0.003 0.005 0.004 0.003 0.055 0.004 
274 UHA-0321    (7)   :  0.003 0.006 0.007 0.130 0.003 0.009 0.009 0.004 0.830 
275 UHA-0322    (0)   :  0.008 0.011 0.005 0.009 0.004 0.005 0.940 0.006 0.011 
276 UHA-0323    (0)   :  0.926 0.022 0.013 0.007 0.003 0.008 0.007 0.003 0.010 
277 UHA-0324    (7)   :  0.955 0.003 0.005 0.004 0.004 0.004 0.006 0.014 0.004 
278 UHA-0325    (0)   :  0.969 0.004 0.003 0.004 0.007 0.005 0.003 0.003 0.002 
279 UHA-0326    (0)   :  0.954 0.003 0.009 0.007 0.002 0.003 0.009 0.004 0.009 
280 UHA-0327    (7)   :  0.972 0.003 0.004 0.003 0.003 0.003 0.005 0.004 0.003 
281 UHA-0329    (0)   :  0.006 0.023 0.029 0.324 0.002 0.032 0.095 0.003 0.486 
282 UHA-0330    (0)   :  0.005 0.005 0.046 0.813 0.003 0.011 0.027 0.002 0.088 
283 UHA-0331   (23)   :  0.960 0.004 0.004 0.005 0.005 0.009 0.005 0.006 0.003 
284 UHA-0332    (0)   :  0.002 0.006 0.935 0.006 0.003 0.003 0.035 0.003 0.006 
285 UHA-0333    (0)   :  0.974 0.003 0.003 0.004 0.002 0.005 0.004 0.002 0.003 
286 UHA-0334    (0)   :  0.960 0.004 0.004 0.010 0.005 0.008 0.003 0.002 0.004 
287 UHA-0335   (15)   :  0.003 0.006 0.014 0.840 0.002 0.005 0.022 0.003 0.105 
288 UHA-0337    (0)   :  0.004 0.030 0.015 0.376 0.003 0.005 0.543 0.006 0.018 
289 UHA-0338    (7)   :  0.834 0.005 0.012 0.013 0.007 0.080 0.035 0.006 0.008 
290 UHA-0339    (0)   :  0.899 0.007 0.004 0.052 0.003 0.007 0.004 0.002 0.022 
291 UHA-0340    (0)   :  0.006 0.103 0.282 0.420 0.011 0.052 0.057 0.008 0.061 
292 UHA-0343    (0)   :  0.670 0.003 0.076 0.016 0.006 0.020 0.201 0.004 0.005 
293 UHA-0345    (0)   :  0.002 0.003 0.906 0.008 0.002 0.006 0.009 0.014 0.049 
294 UHA-0346    (7)   :  0.020 0.010 0.669 0.153 0.003 0.018 0.054 0.002 0.070 
295 UHA-0347    (7)   :  0.003 0.008 0.112 0.258 0.003 0.006 0.351 0.028 0.230 
296 UHA-0348    (0)   :  0.003 0.016 0.028 0.019 0.003 0.003 0.918 0.004 0.005 
297 UHA-0349   (23)   :  0.004 0.006 0.349 0.007 0.007 0.005 0.546 0.005 0.072 
298 UHA-0350    (0)   :  0.975 0.002 0.004 0.003 0.003 0.003 0.003 0.004 0.004 
299 UHA-0354    (0)   :  0.017 0.171 0.037 0.025 0.005 0.057 0.622 0.005 0.061 
300 UHA-0352    (7)   :  0.004 0.007 0.790 0.125 0.002 0.003 0.056 0.002 0.009 
301 UHA-0353    (7)   :  0.005 0.019 0.098 0.053 0.002 0.013 0.577 0.004 0.229 
302 UHA-0172    (0)   :  0.003 0.970 0.007 0.004 0.001 0.003 0.007 0.002 0.004 
303 UHA-0174    (0)   :  0.012 0.183 0.144 0.022 0.008 0.041 0.565 0.007 0.019 
304 UHA-0175    (0)   :  0.003 0.013 0.541 0.064 0.007 0.009 0.097 0.009 0.256 
305 UHA-0176    (0)   :  0.966 0.006 0.002 0.004 0.005 0.003 0.003 0.009 0.003 
306 UHA-0177    (7)   :  0.008 0.007 0.023 0.749 0.011 0.020 0.098 0.008 0.076 
307 UHA-0178    (0)   :  0.961 0.008 0.002 0.004 0.003 0.003 0.003 0.010 0.006 
308 UHA-0179    (7)   :  0.028 0.764 0.011 0.015 0.003 0.144 0.010 0.004 0.021 
309 UHA-0189    (0)   :  0.965 0.004 0.003 0.003 0.010 0.004 0.003 0.006 0.003 
310 UHA-0190    (0)   :  0.971 0.005 0.003 0.003 0.004 0.005 0.003 0.003 0.003 
311 UHA-0199    (7)   :  0.008 0.933 0.008 0.009 0.004 0.016 0.008 0.004 0.010 
312 UHA-0276    (0)   :  0.005 0.004 0.003 0.003 0.002 0.973 0.004 0.002 0.004 
313 UHA-0277    (7)   :  0.043 0.003 0.007 0.004 0.002 0.925 0.005 0.003 0.007 
314 UHA-0203    (7)   :  0.003 0.981 0.002 0.002 0.002 0.003 0.003 0.002 0.003 
315 UHA-0204    (0)   :  0.004 0.967 0.004 0.005 0.002 0.003 0.006 0.005 0.005 
316 UHA-0234    (0)   :  0.009 0.017 0.389 0.314 0.003 0.005 0.230 0.003 0.029 
317 UHA-0235    (0)   :  0.004 0.031 0.903 0.008 0.004 0.006 0.027 0.004 0.013 
318 UHA-0236    (0)   :  0.099 0.613 0.023 0.070 0.003 0.037 0.113 0.011 0.030 
319 UHA-0268    (0)   :  0.004 0.005 0.038 0.034 0.354 0.100 0.013 0.396 0.056 
320 UHA-0269    (0)   :  0.006 0.004 0.005 0.009 0.021 0.881 0.013 0.054 0.007 
321 UHA-0270    (7)   :  0.264 0.006 0.022 0.237 0.092 0.055 0.141 0.154 0.028 
322 UHA-0271    (0)   :  0.391 0.022 0.019 0.070 0.086 0.014 0.010 0.371 0.017 
323 UHA-0272    (0)   :  0.009 0.038 0.008 0.217 0.581 0.011 0.118 0.007 0.010 
324 UHA-0355    (7)   :  0.003 0.021 0.135 0.467 0.003 0.025 0.253 0.002 0.090 
325 UHA-0356    (0)   :  0.003 0.006 0.080 0.007 0.024 0.006 0.812 0.055 0.007 
326 UHA-0357    (0)   :  0.010 0.004 0.010 0.851 0.005 0.006 0.105 0.003 0.007 
327 UHA-0358    (0)   :  0.003 0.007 0.058 0.840 0.003 0.005 0.028 0.011 0.045 
328 UHA-0359    (0)   :  0.030 0.009 0.048 0.012 0.004 0.020 0.824 0.013 0.040 
329 UHA-0361   (23)   :  0.007 0.007 0.052 0.015 0.011 0.005 0.890 0.003 0.010 
330 UHA-0362    (0)   :  0.008 0.006 0.489 0.016 0.016 0.003 0.250 0.006 0.205 
331 UHA-0363   (15)   :  0.007 0.026 0.043 0.417 0.007 0.004 0.381 0.005 0.109 
332 UHA-0379    (0)   :  0.865 0.003 0.002 0.002 0.037 0.003 0.003 0.083 0.002 
333 UHA-0365    (0)   :  0.003 0.004 0.006 0.007 0.004 0.002 0.965 0.002 0.006 
334 UHA-0366    (0)   :  0.005 0.010 0.010 0.026 0.011 0.023 0.859 0.019 0.037 
335 UHA-0367    (0)   :  0.930 0.008 0.008 0.023 0.004 0.008 0.007 0.005 0.006 
336 UHA-0368    (0)   :  0.971 0.005 0.003 0.003 0.004 0.007 0.003 0.002 0.003 
337 UHA-0369    (0)   :  0.982 0.002 0.002 0.002 0.002 0.002 0.002 0.003 0.002 
338 UHA-0370    (7)   :  0.950 0.011 0.005 0.009 0.003 0.007 0.008 0.003 0.004 
339 UHA-0371    (7)   :  0.850 0.003 0.005 0.004 0.108 0.007 0.004 0.005 0.014 
340 UHA-0372    (7)   :  0.005 0.015 0.015 0.025 0.008 0.004 0.906 0.014 0.009 
341 UHA-0373   (15)   :  0.003 0.003 0.933 0.005 0.002 0.010 0.016 0.002 0.025 
342 UHA-0374    (0)   :  0.005 0.067 0.089 0.033 0.002 0.089 0.351 0.006 0.358 
343 UHA-0375    (0)   :  0.004 0.007 0.952 0.005 0.004 0.005 0.012 0.004 0.007 
344 UHA-0376    (0)   :  0.002 0.013 0.025 0.016 0.002 0.003 0.016 0.003 0.919 
345 UHA-0377    (0)   :  0.979 0.003 0.003 0.003 0.002 0.004 0.003 0.002 0.002 
346 UHA-0378    (0)   :  0.974 0.003 0.004 0.002 0.004 0.003 0.003 0.004 0.004 
347 UHA-0380    (7)   :  0.926 0.004 0.007 0.010 0.004 0.012 0.009 0.010 0.019 
348 UHA-0381    (0)   :  0.960 0.004 0.004 0.007 0.002 0.013 0.004 0.003 0.003 
349 UHA-0382    (0)   :  0.969 0.008 0.003 0.003 0.003 0.007 0.003 0.002 0.003 
350 UHA-0383   (15)   :  0.889 0.056 0.004 0.010 0.009 0.015 0.006 0.003 0.008 
351 UHA-0384    (7)   :  0.948 0.002 0.011 0.009 0.002 0.006 0.007 0.003 0.010 
352 UHA-0385    (0)   :  0.960 0.004 0.004 0.015 0.002 0.004 0.005 0.002 0.005 
353 UHA-0386    (7)   :  0.982 0.002 0.002 0.003 0.002 0.003 0.002 0.002 0.002 
354 UHA-0387    (0)   :  0.968 0.002 0.004 0.007 0.002 0.003 0.007 0.002 0.005 
355 UHA-0388    (0)   :  0.966 0.002 0.004 0.003 0.004 0.003 0.006 0.006 0.007 
356 UHA-0389    (7)   :  0.958 0.005 0.011 0.007 0.003 0.004 0.005 0.003 0.005 
357 UHA-0390    (0)   :  0.979 0.002 0.003 0.003 0.003 0.002 0.002 0.003 0.003 
358 UHA-0391    (0)   :  0.935 0.003 0.009 0.003 0.004 0.029 0.009 0.005 0.005 
359 UHA-0392    (0)   :  0.879 0.003 0.002 0.002 0.035 0.003 0.003 0.071 0.002 
360 UHA-0393    (0)   :  0.959 0.003 0.003 0.004 0.005 0.011 0.004 0.006 0.004 
361 UHA-0394    (0)   :  0.908 0.008 0.005 0.037 0.003 0.009 0.018 0.002 0.009 
362 UHA-0395    (7)   :  0.008 0.004 0.028 0.920 0.004 0.006 0.008 0.006 0.015 
363 UHA-0396    (0)   :  0.007 0.005 0.031 0.922 0.004 0.008 0.007 0.003 0.013 
364 UHA-0397    (7)   :  0.019 0.046 0.027 0.058 0.005 0.008 0.174 0.013 0.651 
365 UHA-0398    (0)   :  0.009 0.017 0.076 0.285 0.026 0.166 0.114 0.058 0.249 
366 UHA-0399    (7)   :  0.005 0.005 0.013 0.925 0.003 0.005 0.017 0.002 0.026 
367 UHA-0400    (0)   :  0.002 0.003 0.017 0.009 0.003 0.002 0.952 0.003 0.009 
368 UHA-0401   (15)   :  0.008 0.005 0.099 0.846 0.004 0.009 0.013 0.004 0.012 
369 UHA-0402   (23)   :  0.009 0.006 0.029 0.590 0.005 0.006 0.174 0.003 0.178 
370 UHA-0404    (0)   :  0.939 0.003 0.003 0.022 0.004 0.003 0.003 0.013 0.010 
371 UHA-0405    (0)   :  0.041 0.023 0.052 0.795 0.007 0.010 0.024 0.004 0.043 
372 UHA-0406    (0)   :  0.002 0.002 0.970 0.006 0.002 0.002 0.005 0.003 0.008 
373 UHA-0407    (0)   :  0.003 0.003 0.047 0.081 0.005 0.004 0.231 0.002 0.624 
374 UHA-0408    (0)   :  0.978 0.002 0.003 0.003 0.002 0.003 0.003 0.002 0.004 
375 UHA-0409    (0)   :  0.002 0.003 0.045 0.842 0.023 0.003 0.062 0.007 0.014 
376 UHA-0410    (0)   :  0.955 0.003 0.005 0.003 0.002 0.004 0.010 0.003 0.017 
377 UHA-0411    (7)   :  0.002 0.004 0.026 0.912 0.003 0.003 0.029 0.002 0.018 
378 UHA-0412    (0)   :  0.955 0.003 0.005 0.003 0.002 0.004 0.010 0.003 0.017 
379 UHA-0413    (0)   :  0.040 0.004 0.890 0.034 0.002 0.004 0.006 0.012 0.007 
380 UHA-0414    (0)   :  0.973 0.004 0.004 0.005 0.002 0.003 0.004 0.002 0.004 
381 UHA-0415    (0)   :  0.979 0.003 0.002 0.003 0.002 0.003 0.003 0.002 0.003 
382 UHA-0416    (0)   :  0.966 0.002 0.004 0.005 0.003 0.008 0.004 0.003 0.005 
383 UHA-0417    (0)   :  0.809 0.003 0.005 0.004 0.101 0.005 0.005 0.058 0.009 
384 UHA-0418    (0)   :  0.981 0.003 0.003 0.002 0.002 0.003 0.002 0.003 0.002 
385 UHA-0419    (0)   :  0.975 0.004 0.004 0.002 0.002 0.004 0.003 0.002 0.004 
386 UHA-0420    (0)   :  0.002 0.004 0.865 0.067 0.003 0.004 0.036 0.004 0.015 
387 UHA-0421    (0)   :  0.012 0.005 0.015 0.010 0.004 0.011 0.926 0.009 0.007 
388 UHA-0422    (0)   :  0.802 0.005 0.040 0.025 0.010 0.014 0.075 0.004 0.026 
389 UHA-0423    (0)   :  0.966 0.003 0.004 0.006 0.003 0.004 0.005 0.003 0.005 
390 UHA-0424    (0)   :  0.015 0.064 0.030 0.134 0.002 0.008 0.154 0.004 0.589 
391 UHA-0425    (0)   :  0.002 0.003 0.076 0.010 0.017 0.005 0.853 0.026 0.008 
392 UHA-0461    (0)   :  0.008 0.024 0.023 0.022 0.008 0.009 0.073 0.005 0.827 
393 UHA-0462    (7)   :  0.003 0.004 0.213 0.443 0.003 0.005 0.010 0.008 0.311 
394 UHA-0463    (7)   :  0.002 0.003 0.972 0.005 0.002 0.002 0.008 0.002 0.004 
395 UHA-0464    (0)   :  0.003 0.003 0.965 0.007 0.003 0.002 0.008 0.004 0.005 
396 UHA-0465    (0)   :  0.003 0.004 0.841 0.010 0.028 0.004 0.026 0.064 0.019 
397 UHA-0466    (0)   :  0.004 0.029 0.047 0.390 0.002 0.004 0.317 0.002 0.206 
398 UHA-0467    (7)   :  0.003 0.010 0.029 0.225 0.004 0.005 0.592 0.004 0.127 
399 UHA-0468    (0)   :  0.004 0.013 0.043 0.033 0.009 0.008 0.013 0.020 0.858 
400 UHA-0469    (0)   :  0.004 0.012 0.734 0.040 0.007 0.009 0.157 0.006 0.031 
401 UHA-0470    (0)   :  0.009 0.004 0.010 0.020 0.003 0.005 0.937 0.004 0.009 
402 UHA-0471    (0)   :  0.003 0.023 0.015 0.014 0.002 0.004 0.887 0.002 0.050 
403 UHA-0472    (7)   :  0.003 0.004 0.092 0.810 0.003 0.007 0.054 0.002 0.025 
404 UHA-0473    (0)   :  0.003 0.010 0.019 0.770 0.007 0.011 0.016 0.011 0.152 
405 UHA-0474    (0)   :  0.006 0.053 0.504 0.271 0.003 0.012 0.107 0.006 0.038 
406 UHA-0475    (0)   :  0.002 0.007 0.839 0.072 0.002 0.003 0.039 0.002 0.034 
407 UHA-0180    (0)   :  0.002 0.003 0.010 0.594 0.003 0.004 0.010 0.003 0.370 
408 UHA-0181    (0)   :  0.003 0.004 0.201 0.021 0.004 0.013 0.503 0.006 0.245 
409 UHA-0182    (7)   :  0.002 0.059 0.035 0.021 0.007 0.118 0.745 0.004 0.009 
410 UHA-0278    (0)   :  0.005 0.003 0.003 0.003 0.004 0.967 0.008 0.004 0.003 
411 UHA-0279    (0)   :  0.962 0.012 0.004 0.006 0.002 0.003 0.005 0.003 0.004 
412 UHA-0280    (0)   :  0.005 0.011 0.165 0.035 0.002 0.004 0.467 0.003 0.308 
413 UHA-0291    (0)   :  0.982 0.003 0.002 0.002 0.003 0.002 0.002 0.002 0.002 
414 UHA-0315    (0)   :  0.043 0.370 0.125 0.045 0.004 0.023 0.309 0.021 0.060 
415 UHA-0328    (0)   :  0.003 0.004 0.044 0.034 0.001 0.003 0.007 0.004 0.901 
416 UHA-0344    (0)   :  0.002 0.004 0.870 0.064 0.002 0.004 0.044 0.002 0.008 
417 UHA-0351    (0)   :  0.003 0.002 0.004 0.003 0.967 0.002 0.003 0.011 0.004 


Estimated Allele Frequencies in each cluster
First column gives estimated ancestral frequencies


Locus 1 : 
10 alleles
1.9% missing data
   4   (0.170) 0.395 0.024 0.065 0.060 0.054 0.250 0.111 0.512 0.503 
   3   (0.571) 0.450 0.308 0.747 0.671 0.728 0.615 0.688 0.474 0.425 
   2   (0.117) 0.121 0.063 0.164 0.185 0.080 0.056 0.051 0.011 0.032 
   9   (0.015) 0.000 0.002 0.002 0.002 0.137 0.004 0.002 0.001 0.002 
   8   (0.013) 0.000 0.002 0.002 0.002 0.000 0.017 0.005 0.001 0.003 
   5   (0.048) 0.001 0.592 0.011 0.033 0.000 0.016 0.131 0.000 0.011 
  10   (0.014) 0.000 0.002 0.002 0.002 0.000 0.026 0.002 0.000 0.002 
   7   (0.016) 0.000 0.002 0.002 0.028 0.000 0.004 0.003 0.000 0.016 
   6   (0.016) 0.027 0.002 0.002 0.002 0.000 0.005 0.003 0.000 0.002 
   1   (0.020) 0.005 0.003 0.003 0.016 0.000 0.006 0.004 0.000 0.004 

Locus 2 : 
20 alleles
1.0% missing data
  13   (0.165) 0.006 0.110 0.237 0.274 0.363 0.052 0.164 0.470 0.301 
  15   (0.137) 0.004 0.067 0.123 0.054 0.181 0.129 0.190 0.299 0.176 
   6   (0.026) 0.001 0.011 0.003 0.003 0.184 0.012 0.004 0.143 0.004 
  14   (0.139) 0.005 0.047 0.174 0.252 0.267 0.057 0.282 0.004 0.203 
   3   (0.016) 0.862 0.002 0.002 0.002 0.000 0.005 0.003 0.000 0.002 
  17   (0.041) 0.001 0.009 0.130 0.033 0.001 0.019 0.014 0.001 0.039 
   5   (0.016) 0.000 0.002 0.002 0.002 0.001 0.004 0.002 0.078 0.002 
   8   (0.048) 0.022 0.110 0.012 0.011 0.001 0.073 0.010 0.001 0.034 
   4   (0.015) 0.066 0.002 0.002 0.002 0.000 0.004 0.002 0.000 0.002 
  12   (0.031) 0.001 0.292 0.006 0.007 0.000 0.080 0.010 0.000 0.006 
  11   (0.085) 0.014 0.231 0.143 0.045 0.001 0.086 0.051 0.001 0.059 
   9   (0.045) 0.006 0.006 0.043 0.031 0.000 0.069 0.015 0.000 0.029 
  10   (0.040) 0.001 0.005 0.015 0.045 0.000 0.155 0.018 0.000 0.008 
  18   (0.043) 0.001 0.005 0.032 0.143 0.000 0.014 0.087 0.000 0.012 
   2   (0.019) 0.004 0.066 0.003 0.002 0.000 0.007 0.003 0.000 0.003 
  16   (0.071) 0.002 0.029 0.050 0.069 0.001 0.062 0.128 0.001 0.058 
   7   (0.016) 0.000 0.002 0.002 0.002 0.000 0.157 0.002 0.000 0.002 
  19   (0.016) 0.000 0.002 0.014 0.007 0.000 0.005 0.003 0.000 0.013 
   1   (0.013) 0.000 0.002 0.002 0.012 0.000 0.004 0.002 0.000 0.003 
  20   (0.019) 0.001 0.002 0.004 0.003 0.000 0.005 0.009 0.000 0.043 

Locus 3 : 
21 alleles
0.5% missing data
   1   (0.072) 0.006 0.012 0.065 0.125 0.145 0.098 0.047 0.060 0.032 
  12   (0.062) 0.051 0.065 0.020 0.036 0.130 0.020 0.018 0.282 0.035 
  13   (0.064) 0.002 0.047 0.086 0.063 0.201 0.112 0.012 0.336 0.017 
  11   (0.065) 0.011 0.021 0.045 0.057 0.068 0.034 0.061 0.159 0.023 
   5   (0.125) 0.372 0.021 0.175 0.162 0.035 0.168 0.129 0.002 0.202 
   6   (0.057) 0.135 0.023 0.020 0.012 0.108 0.056 0.033 0.152 0.011 
   2   (0.065) 0.002 0.025 0.259 0.040 0.119 0.022 0.221 0.001 0.039 
  10   (0.080) 0.025 0.114 0.054 0.066 0.189 0.108 0.047 0.001 0.033 
   4   (0.063) 0.166 0.124 0.013 0.081 0.001 0.176 0.042 0.001 0.019 
  15   (0.032) 0.024 0.100 0.012 0.006 0.000 0.010 0.009 0.004 0.020 
   8   (0.094) 0.046 0.020 0.200 0.122 0.002 0.029 0.254 0.001 0.371 
   9   (0.048) 0.002 0.185 0.021 0.021 0.000 0.014 0.081 0.000 0.111 
  16   (0.020) 0.026 0.065 0.003 0.002 0.000 0.005 0.003 0.000 0.003 
   3   (0.023) 0.001 0.003 0.003 0.124 0.000 0.049 0.006 0.000 0.008 
   7   (0.053) 0.090 0.066 0.014 0.069 0.000 0.068 0.010 0.001 0.066 
  14   (0.018) 0.000 0.066 0.002 0.002 0.000 0.005 0.014 0.000 0.003 
  18   (0.012) 0.000 0.015 0.002 0.001 0.000 0.009 0.002 0.000 0.002 
  20   (0.013) 0.026 0.001 0.002 0.002 0.000 0.003 0.002 0.000 0.002 
  19   (0.012) 0.006 0.002 0.002 0.002 0.000 0.004 0.002 0.000 0.002 
