

----------------------------------------------------
STRUCTURE by Pritchard, Stephens and Donnelly (2000)
     and Falush, Stephens and Pritchard (2003)
       Code by Pritchard, Falush and Hubisz
             Version 2.3.4 (Jul 2012)
----------------------------------------------------



Command line arguments:   bin\structure -m C:\Users\eschumacher\Documents\GitHub\USBGHybridAcornsREU2023\Analysis\STRUCTURE\All_Loci\UHA_all_loci_nopop\200-200\mainparams -e C:\Users\eschumacher\Documents\GitHub\USBGHybridAcornsREU2023\Analysis\STRUCTURE\All_Loci\UHA_all_loci_nopop\200-200\extraparams 
Input File:    C:\Users\eschumacher\Documents\GitHub\USBGHybridAcornsREU2023\Analysis\STRUCTURE\All_Loci\UHA_all_loci_nopop\project_data

Run parameters:
   417 individuals
   13 loci
   9 populations assumed
   200000 Burn-in period
   200000 Reps


--------------------------------------------
Overall proportion of membership of the
sample in each of the 9 clusters

Inferred Clusters
  1      2      3      4      5      6      7      8      9    
0.057  0.191  0.112  0.087  0.039  0.097  0.180  0.056  0.180  

--------------------------------------------

Allele-freq. divergence among pops (Net nucleotide distance),
computed using point estimates of P.

      1       2       3       4       5       6       7       8       9      
 1      -    0.2163  0.1098  0.1191  0.0857  0.1069  0.1767  0.2287  0.1977  
 2   0.2163     -    0.2050  0.2098  0.1576  0.1870  0.2112  0.1029  0.0975  
 3   0.1098  0.2050     -    0.0300  0.0775  0.0221  0.1836  0.2190  0.1875  
 4   0.1191  0.2098  0.0300     -    0.0782  0.0265  0.1932  0.2255  0.1804  
 5   0.0857  0.1576  0.0775  0.0782     -    0.0670  0.1331  0.1919  0.1501  
 6   0.1069  0.1870  0.0221  0.0265  0.0670     -    0.1748  0.2174  0.1895  
 7   0.1767  0.2112  0.1836  0.1932  0.1331  0.1748     -    0.2071  0.2089  
 8   0.2287  0.1029  0.2190  0.2255  0.1919  0.2174  0.2071     -    0.1042  
 9   0.1977  0.0975  0.1875  0.1804  0.1501  0.1895  0.2089  0.1042     -    

Average distances (expected heterozygosity) between individuals in same cluster:
cluster  1  : 0.6586 
cluster  2  : 0.5227 
cluster  3  : 0.6859 
cluster  4  : 0.6829 
cluster  5  : 0.7962 
cluster  6  : 0.7101 
cluster  7  : 0.5063 
cluster  8  : 0.4278 
cluster  9  : 0.5394 

--------------------------------------------
Estimated Ln Prob of Data   = -14917.2
Mean value of ln likelihood = -14380.6
Variance of ln likelihood   = 1073.0
Mean value of alpha         = 0.0316

Mean value of Fst_1         = 0.1552
Mean value of Fst_2         = 0.4441
Mean value of Fst_3         = 0.0881
Mean value of Fst_4         = 0.1006
Mean value of Fst_5         = 0.0862
Mean value of Fst_6         = 0.0755
Mean value of Fst_7         = 0.1933
Mean value of Fst_8         = 0.4988
Mean value of Fst_9         = 0.3970


Inferred ancestry of individuals:
        Label (%Miss) :  Inferred clusters
  1 UHA-0126    (0)   :  0.004 0.004 0.004 0.012 0.006 0.005 0.013 0.007 0.945 
  2 UHA-0127   (15)   :  0.002 0.007 0.002 0.002 0.002 0.002 0.003 0.004 0.974 
  3 UHA-0135    (0)   :  0.003 0.791 0.004 0.003 0.003 0.005 0.008 0.026 0.157 
  4 UHA-0166    (0)   :  0.038 0.127 0.022 0.015 0.016 0.017 0.005 0.011 0.750 
  5 UHA-0169    (0)   :  0.007 0.011 0.010 0.005 0.239 0.025 0.011 0.007 0.684 
  6 UHA-0058    (7)   :  0.003 0.955 0.003 0.003 0.003 0.003 0.004 0.014 0.013 
  7 UHA-0020    (0)   :  0.002 0.983 0.002 0.002 0.002 0.002 0.002 0.003 0.004 
  8 UHA-0023   (15)   :  0.003 0.968 0.002 0.002 0.002 0.002 0.003 0.009 0.010 
  9 UHA-0025    (0)   :  0.003 0.703 0.004 0.006 0.003 0.004 0.005 0.266 0.006 
 10 UHA-0026    (7)   :  0.003 0.945 0.003 0.004 0.003 0.003 0.003 0.005 0.031 
 11 UHA-0027    (0)   :  0.002 0.978 0.002 0.002 0.002 0.003 0.002 0.005 0.004 
 12 UHA-0028    (0)   :  0.002 0.982 0.002 0.002 0.002 0.002 0.002 0.003 0.005 
 13 UHA-0099    (0)   :  0.003 0.550 0.003 0.003 0.003 0.003 0.008 0.425 0.003 
 14 UHA-0029    (0)   :  0.002 0.979 0.002 0.002 0.002 0.002 0.003 0.004 0.004 
 15 UHA-0043   (15)   :  0.004 0.964 0.003 0.003 0.003 0.003 0.004 0.008 0.009 
 16 UHA-0045    (0)   :  0.002 0.975 0.002 0.003 0.002 0.002 0.002 0.005 0.007 
 17 UHA-0047    (0)   :  0.003 0.950 0.003 0.004 0.003 0.003 0.009 0.015 0.010 
 18 UHA-0050    (0)   :  0.005 0.864 0.006 0.010 0.005 0.004 0.003 0.003 0.100 
 19 UHA-0052    (0)   :  0.004 0.933 0.003 0.009 0.015 0.013 0.004 0.006 0.011 
 20 UHA-0056    (7)   :  0.002 0.108 0.003 0.003 0.002 0.003 0.005 0.606 0.269 
 21 UHA-0068    (7)   :  0.003 0.008 0.003 0.003 0.002 0.003 0.004 0.012 0.962 
 22 UHA-0070    (0)   :  0.003 0.003 0.002 0.002 0.002 0.002 0.003 0.004 0.979 
 23 UHA-0071    (7)   :  0.002 0.004 0.003 0.003 0.002 0.002 0.002 0.005 0.977 
 24 UHA-0075   (15)   :  0.006 0.221 0.016 0.005 0.004 0.014 0.004 0.062 0.669 
 25 UHA-0077    (0)   :  0.002 0.012 0.003 0.002 0.002 0.002 0.002 0.015 0.959 
 26 UHA-0079    (0)   :  0.002 0.004 0.002 0.002 0.002 0.002 0.002 0.003 0.980 
 27 UHA-0080    (7)   :  0.004 0.002 0.023 0.018 0.003 0.014 0.006 0.004 0.926 
 28 UHA-0081    (7)   :  0.002 0.004 0.002 0.002 0.002 0.002 0.002 0.003 0.979 
 29 UHA-0093   (15)   :  0.002 0.004 0.002 0.002 0.002 0.002 0.003 0.006 0.976 
 30 UHA-0094    (0)   :  0.002 0.004 0.002 0.002 0.002 0.002 0.002 0.002 0.980 
 31 UHA-0095    (0)   :  0.002 0.008 0.002 0.003 0.003 0.002 0.003 0.004 0.973 
 32 UHA-0096   (23)   :  0.003 0.024 0.003 0.003 0.003 0.003 0.003 0.006 0.952 
 33 UHA-0097    (7)   :  0.002 0.005 0.002 0.003 0.003 0.002 0.002 0.004 0.977 
 34 UHA-0098    (0)   :  0.002 0.981 0.002 0.002 0.002 0.002 0.003 0.003 0.004 
 35 UHA-0101   (15)   :  0.002 0.974 0.003 0.003 0.003 0.003 0.007 0.003 0.003 
 36 UHA-0105    (0)   :  0.002 0.961 0.003 0.002 0.003 0.004 0.002 0.018 0.004 
 37 UHA-0109    (0)   :  0.002 0.977 0.002 0.003 0.002 0.002 0.004 0.003 0.004 
 38 UHA-0111    (0)   :  0.002 0.875 0.004 0.002 0.003 0.004 0.004 0.088 0.016 
 39 UHA-0112    (7)   :  0.003 0.003 0.003 0.003 0.002 0.002 0.003 0.004 0.977 
 40 UHA-0298    (0)   :  0.002 0.944 0.003 0.005 0.003 0.003 0.003 0.015 0.021 
 41 UHA-0021    (0)   :  0.002 0.968 0.003 0.004 0.004 0.008 0.002 0.004 0.005 
 42 UHA-0022    (0)   :  0.002 0.978 0.002 0.002 0.002 0.002 0.002 0.007 0.004 
 43 UHA-0048    (0)   :  0.002 0.980 0.002 0.002 0.002 0.002 0.002 0.005 0.003 
 44 UHA-0049    (0)   :  0.002 0.980 0.002 0.002 0.002 0.002 0.002 0.003 0.006 
 45 UHA-0053    (0)   :  0.002 0.977 0.002 0.002 0.002 0.002 0.002 0.004 0.006 
 46 UHA-0054    (0)   :  0.002 0.979 0.002 0.003 0.002 0.002 0.002 0.003 0.005 
 47 UHA-0055    (0)   :  0.005 0.648 0.002 0.003 0.007 0.003 0.002 0.018 0.311 
 48 UHA-0069    (0)   :  0.002 0.003 0.002 0.002 0.002 0.002 0.002 0.004 0.981 
 49 UHA-0072    (0)   :  0.002 0.012 0.003 0.002 0.002 0.002 0.003 0.005 0.967 
 50 UHA-0073    (0)   :  0.002 0.003 0.002 0.002 0.002 0.002 0.002 0.004 0.981 
 51 UHA-0074    (0)   :  0.003 0.575 0.003 0.003 0.004 0.003 0.009 0.008 0.391 
 52 UHA-0076    (0)   :  0.002 0.004 0.002 0.002 0.002 0.002 0.002 0.005 0.979 
 53 UHA-0100    (0)   :  0.003 0.403 0.003 0.002 0.006 0.003 0.005 0.572 0.004 
 54 UHA-0102    (0)   :  0.002 0.976 0.002 0.002 0.002 0.002 0.002 0.007 0.004 
 55 UHA-0106    (0)   :  0.002 0.981 0.002 0.002 0.002 0.002 0.002 0.003 0.004 
 56 UHA-0110    (0)   :  0.003 0.713 0.003 0.002 0.004 0.004 0.016 0.239 0.016 
 57 UHA-0036    (7)   :  0.002 0.977 0.003 0.002 0.002 0.002 0.002 0.005 0.005 
 58 UHA-0037    (0)   :  0.006 0.913 0.011 0.012 0.007 0.009 0.004 0.006 0.033 
 59 UHA-0038    (0)   :  0.003 0.807 0.005 0.006 0.004 0.004 0.002 0.004 0.165 
 60 UHA-0089    (0)   :  0.002 0.002 0.002 0.002 0.002 0.002 0.002 0.004 0.981 
 61 UHA-0040    (0)   :  0.002 0.891 0.003 0.004 0.002 0.003 0.003 0.011 0.082 
 62 UHA-0041    (0)   :  0.002 0.979 0.002 0.002 0.002 0.002 0.002 0.004 0.005 
 63 UHA-0090    (0)   :  0.002 0.004 0.002 0.002 0.002 0.002 0.002 0.003 0.981 
 64 UHA-0059    (0)   :  0.002 0.981 0.002 0.002 0.002 0.002 0.002 0.005 0.003 
 65 UHA-0063    (0)   :  0.005 0.005 0.003 0.002 0.003 0.003 0.965 0.003 0.011 
 66 UHA-0082    (0)   :  0.002 0.006 0.002 0.002 0.002 0.002 0.002 0.004 0.978 
 67 UHA-0083    (0)   :  0.003 0.005 0.003 0.002 0.002 0.002 0.003 0.007 0.973 
 68 UHA-0084    (0)   :  0.002 0.008 0.003 0.002 0.002 0.002 0.003 0.009 0.968 
 69 UHA-0085    (0)   :  0.002 0.006 0.003 0.002 0.002 0.002 0.002 0.011 0.970 
 70 UHA-0086    (0)   :  0.003 0.004 0.003 0.002 0.002 0.002 0.003 0.007 0.975 
 71 UHA-0087    (0)   :  0.003 0.003 0.003 0.002 0.002 0.002 0.002 0.011 0.973 
 72 UHA-0088    (0)   :  0.003 0.005 0.003 0.002 0.002 0.003 0.003 0.013 0.967 
 73 UHA-0091    (0)   :  0.002 0.004 0.003 0.002 0.002 0.002 0.003 0.007 0.975 
 74 UHA-0113    (0)   :  0.002 0.978 0.002 0.002 0.002 0.002 0.002 0.006 0.004 
 75 UHA-0114    (7)   :  0.002 0.982 0.002 0.002 0.002 0.002 0.002 0.003 0.004 
 76 UHA-0115    (7)   :  0.003 0.450 0.003 0.004 0.003 0.003 0.007 0.519 0.008 
 77 UHA-0116    (0)   :  0.003 0.977 0.002 0.003 0.002 0.002 0.003 0.005 0.005 
 78 UHA-0118    (0)   :  0.002 0.979 0.002 0.002 0.002 0.002 0.002 0.003 0.006 
 79 UHA-0119    (0)   :  0.002 0.977 0.002 0.002 0.002 0.002 0.004 0.005 0.004 
 80 UHA-0120    (0)   :  0.002 0.979 0.002 0.002 0.002 0.002 0.002 0.002 0.005 
 81 UHA-0121    (0)   :  0.002 0.982 0.002 0.002 0.002 0.002 0.002 0.003 0.004 
 82 UHA-0122    (0)   :  0.002 0.979 0.002 0.002 0.002 0.002 0.004 0.004 0.003 
 83 UHA-0123    (0)   :  0.002 0.062 0.002 0.002 0.002 0.003 0.002 0.004 0.921 
 84 UHA-0124    (7)   :  0.002 0.822 0.003 0.004 0.003 0.004 0.003 0.006 0.154 
 85 UHA-0125    (0)   :  0.015 0.224 0.019 0.010 0.010 0.015 0.005 0.064 0.638 
 86 UHA-0128    (7)   :  0.002 0.004 0.003 0.003 0.002 0.003 0.006 0.009 0.968 
 87 UHA-0129    (7)   :  0.002 0.005 0.002 0.002 0.002 0.002 0.006 0.006 0.972 
 88 UHA-0130    (0)   :  0.002 0.004 0.002 0.002 0.002 0.002 0.002 0.004 0.978 
 89 UHA-0131    (0)   :  0.016 0.016 0.019 0.019 0.011 0.013 0.008 0.016 0.882 
 90 UHA-0132    (0)   :  0.007 0.122 0.016 0.005 0.012 0.007 0.014 0.004 0.813 
 91 UHA-0133    (7)   :  0.004 0.028 0.003 0.003 0.002 0.003 0.005 0.006 0.947 
 92 UHA-0134    (7)   :  0.002 0.006 0.002 0.003 0.002 0.002 0.002 0.004 0.976 
 93 UHA-0136    (0)   :  0.002 0.004 0.002 0.002 0.002 0.002 0.005 0.005 0.976 
 94 UHA-0137    (0)   :  0.002 0.004 0.002 0.002 0.002 0.002 0.002 0.004 0.980 
 95 UHA-0138    (0)   :  0.013 0.051 0.010 0.756 0.034 0.024 0.018 0.003 0.090 
 96 UHA-0139    (0)   :  0.003 0.854 0.003 0.009 0.002 0.004 0.003 0.003 0.119 
 97 UHA-0140    (0)   :  0.009 0.377 0.004 0.010 0.025 0.021 0.010 0.018 0.527 
 98 UHA-0141    (0)   :  0.003 0.828 0.006 0.006 0.004 0.005 0.011 0.009 0.128 
 99 UHA-0143    (0)   :  0.002 0.015 0.002 0.002 0.002 0.002 0.006 0.006 0.962 
100 UHA-0144    (0)   :  0.003 0.005 0.002 0.002 0.002 0.003 0.005 0.005 0.973 
101 UHA-0146    (7)   :  0.002 0.011 0.004 0.002 0.003 0.003 0.005 0.004 0.967 
102 UHA-0147    (7)   :  0.003 0.030 0.003 0.003 0.003 0.004 0.003 0.003 0.949 
103 UHA-0150    (0)   :  0.003 0.010 0.004 0.006 0.003 0.004 0.003 0.488 0.480 
104 UHA-0162    (7)   :  0.013 0.005 0.239 0.026 0.080 0.045 0.012 0.568 0.012 
105 UHA-0163    (0)   :  0.002 0.006 0.002 0.002 0.002 0.002 0.002 0.975 0.005 
106 UHA-0164   (15)   :  0.004 0.012 0.003 0.004 0.003 0.004 0.004 0.019 0.948 
107 UHA-0165    (0)   :  0.002 0.007 0.002 0.002 0.002 0.002 0.002 0.005 0.975 
108 UHA-0167   (23)   :  0.010 0.762 0.008 0.010 0.006 0.007 0.004 0.006 0.188 
109 UHA-0148    (0)   :  0.264 0.004 0.005 0.016 0.006 0.015 0.019 0.660 0.009 
110 UHA-0151    (0)   :  0.004 0.164 0.006 0.011 0.003 0.006 0.004 0.749 0.051 
111 UHA-0152    (0)   :  0.002 0.315 0.002 0.002 0.002 0.002 0.003 0.625 0.046 
112 UHA-0153    (0)   :  0.002 0.310 0.002 0.002 0.002 0.002 0.002 0.671 0.007 
113 UHA-0154    (0)   :  0.002 0.020 0.002 0.002 0.002 0.002 0.002 0.920 0.047 
114 UHA-0155    (0)   :  0.003 0.337 0.007 0.003 0.005 0.006 0.006 0.613 0.021 
115 UHA-0156    (0)   :  0.005 0.008 0.005 0.008 0.272 0.023 0.011 0.599 0.068 
116 UHA-0157    (7)   :  0.002 0.004 0.002 0.002 0.002 0.002 0.003 0.979 0.005 
117 UHA-0158    (0)   :  0.003 0.007 0.009 0.004 0.005 0.004 0.014 0.601 0.354 
118 UHA-0159    (0)   :  0.003 0.635 0.004 0.005 0.003 0.003 0.004 0.334 0.008 
119 UHA-0160    (0)   :  0.002 0.428 0.003 0.002 0.008 0.003 0.008 0.539 0.007 
120 UHA-0161    (0)   :  0.002 0.310 0.002 0.002 0.002 0.002 0.002 0.638 0.039 
121 UHA-0426    (0)   :  0.004 0.009 0.024 0.005 0.004 0.010 0.004 0.009 0.932 
122 UHA-0427    (0)   :  0.002 0.458 0.002 0.003 0.002 0.002 0.003 0.005 0.523 
123 UHA-0428    (0)   :  0.002 0.003 0.002 0.002 0.002 0.002 0.002 0.004 0.981 
124 UHA-0429    (0)   :  0.002 0.004 0.002 0.002 0.002 0.002 0.003 0.980 0.003 
125 UHA-0430    (0)   :  0.002 0.314 0.002 0.002 0.002 0.002 0.003 0.657 0.015 
126 UHA-0431    (0)   :  0.002 0.372 0.002 0.003 0.002 0.003 0.003 0.609 0.004 
127 UHA-0432    (7)   :  0.003 0.006 0.003 0.003 0.003 0.003 0.004 0.963 0.011 
128 UHA-0433    (0)   :  0.002 0.005 0.002 0.002 0.002 0.002 0.002 0.976 0.007 
129 UHA-0434    (0)   :  0.018 0.004 0.004 0.006 0.004 0.005 0.006 0.443 0.511 
130 UHA-0435    (0)   :  0.003 0.028 0.012 0.005 0.003 0.004 0.018 0.027 0.900 
131 UHA-0436    (0)   :  0.002 0.005 0.002 0.002 0.002 0.003 0.002 0.003 0.978 
132 UHA-0437    (0)   :  0.002 0.098 0.002 0.002 0.002 0.002 0.002 0.008 0.881 
133 UHA-0438    (0)   :  0.003 0.011 0.004 0.003 0.003 0.003 0.016 0.005 0.951 
134 UHA-0439    (0)   :  0.002 0.802 0.002 0.002 0.002 0.002 0.003 0.041 0.142 
135 UHA-0440    (0)   :  0.002 0.977 0.002 0.002 0.002 0.002 0.003 0.004 0.005 
136 UHA-0441    (0)   :  0.002 0.976 0.002 0.002 0.002 0.002 0.002 0.005 0.009 
137 UHA-0442    (0)   :  0.002 0.977 0.002 0.002 0.002 0.002 0.002 0.004 0.007 
138 UHA-0443    (0)   :  0.002 0.980 0.002 0.002 0.002 0.002 0.003 0.003 0.004 
139 UHA-0444    (0)   :  0.002 0.979 0.002 0.002 0.002 0.002 0.002 0.003 0.005 
140 UHA-0445    (0)   :  0.002 0.977 0.002 0.002 0.002 0.002 0.002 0.007 0.005 
141 UHA-0446    (0)   :  0.003 0.749 0.019 0.017 0.004 0.027 0.006 0.039 0.135 
142 UHA-0447    (0)   :  0.002 0.980 0.002 0.002 0.002 0.002 0.003 0.003 0.003 
143 UHA-0448    (0)   :  0.002 0.981 0.002 0.002 0.002 0.002 0.002 0.003 0.005 
144 UHA-0449    (0)   :  0.002 0.981 0.002 0.002 0.002 0.002 0.004 0.004 0.002 
145 UHA-0450    (0)   :  0.002 0.979 0.002 0.002 0.002 0.002 0.003 0.003 0.004 
146 UHA-0451    (0)   :  0.002 0.979 0.002 0.002 0.002 0.002 0.003 0.004 0.004 
147 UHA-0452    (0)   :  0.002 0.980 0.002 0.002 0.002 0.002 0.004 0.004 0.002 
148 UHA-0453    (0)   :  0.002 0.978 0.002 0.002 0.002 0.002 0.002 0.003 0.005 
149 UHA-0454    (0)   :  0.002 0.981 0.002 0.002 0.002 0.002 0.003 0.004 0.003 
150 UHA-0455    (0)   :  0.002 0.981 0.002 0.002 0.002 0.002 0.002 0.005 0.003 
151 UHA-0456    (0)   :  0.002 0.978 0.002 0.002 0.002 0.002 0.002 0.004 0.004 
152 UHA-0457    (0)   :  0.002 0.870 0.006 0.005 0.006 0.006 0.016 0.085 0.002 
153 UHA-0458    (0)   :  0.002 0.703 0.004 0.006 0.003 0.003 0.004 0.273 0.003 
154 UHA-0459    (0)   :  0.002 0.890 0.005 0.002 0.004 0.005 0.010 0.066 0.015 
155 UHA-0460    (0)   :  0.002 0.981 0.002 0.002 0.002 0.002 0.003 0.003 0.004 
156 UHA-0001    (0)   :  0.003 0.003 0.007 0.006 0.003 0.003 0.971 0.003 0.002 
157 UHA-0002    (0)   :  0.004 0.004 0.143 0.065 0.027 0.044 0.702 0.004 0.005 
158 UHA-0003    (0)   :  0.006 0.060 0.037 0.009 0.007 0.027 0.837 0.013 0.003 
159 UHA-0004    (7)   :  0.967 0.006 0.007 0.004 0.003 0.005 0.002 0.003 0.002 
160 UHA-0005    (0)   :  0.948 0.004 0.005 0.007 0.005 0.006 0.010 0.012 0.003 
161 UHA-0006    (0)   :  0.904 0.005 0.038 0.018 0.005 0.010 0.003 0.011 0.005 
162 UHA-0007    (0)   :  0.005 0.004 0.607 0.213 0.006 0.140 0.015 0.007 0.004 
163 UHA-0008    (0)   :  0.005 0.005 0.007 0.923 0.004 0.041 0.004 0.006 0.006 
164 UHA-0009    (0)   :  0.002 0.017 0.003 0.004 0.005 0.003 0.030 0.004 0.931 
165 UHA-0010    (7)   :  0.003 0.024 0.003 0.003 0.002 0.003 0.003 0.004 0.957 
166 UHA-0011    (0)   :  0.002 0.004 0.002 0.002 0.002 0.002 0.002 0.005 0.979 
167 UHA-0012    (0)   :  0.002 0.002 0.002 0.002 0.002 0.002 0.002 0.982 0.004 
168 UHA-0013    (0)   :  0.003 0.009 0.006 0.004 0.004 0.008 0.004 0.029 0.934 
169 UHA-0014    (0)   :  0.002 0.004 0.002 0.002 0.002 0.002 0.002 0.004 0.979 
170 UHA-0015    (0)   :  0.002 0.009 0.003 0.003 0.006 0.002 0.117 0.003 0.854 
171 UHA-0016   (15)   :  0.003 0.006 0.003 0.003 0.002 0.003 0.003 0.009 0.968 
172 UHA-0017    (7)   :  0.021 0.004 0.899 0.006 0.016 0.040 0.004 0.004 0.006 
173 UHA-0018    (7)   :  0.005 0.002 0.880 0.046 0.004 0.054 0.003 0.003 0.004 
174 UHA-0183    (7)   :  0.003 0.003 0.003 0.002 0.003 0.003 0.978 0.002 0.002 
175 UHA-0184    (0)   :  0.002 0.002 0.002 0.003 0.006 0.003 0.976 0.004 0.003 
176 UHA-0186    (0)   :  0.003 0.002 0.006 0.004 0.003 0.004 0.860 0.115 0.002 
177 UHA-0187    (0)   :  0.012 0.002 0.007 0.005 0.003 0.005 0.952 0.007 0.006 
178 UHA-0188    (0)   :  0.005 0.010 0.004 0.003 0.003 0.003 0.965 0.003 0.005 
179 UHA-0191    (0)   :  0.002 0.002 0.003 0.003 0.005 0.003 0.977 0.003 0.003 
180 UHA-0193    (7)   :  0.946 0.003 0.010 0.010 0.009 0.009 0.003 0.002 0.008 
181 UHA-0194   (15)   :  0.848 0.014 0.012 0.009 0.088 0.016 0.008 0.002 0.002 
182 UHA-0195   (23)   :  0.946 0.002 0.006 0.024 0.004 0.008 0.005 0.002 0.002 
183 UHA-0196    (7)   :  0.600 0.007 0.007 0.004 0.340 0.009 0.025 0.006 0.003 
184 UHA-0197   (15)   :  0.973 0.005 0.003 0.003 0.004 0.003 0.003 0.002 0.003 
185 UHA-0198    (7)   :  0.758 0.003 0.025 0.145 0.015 0.046 0.004 0.002 0.003 
186 UHA-0202    (7)   :  0.523 0.006 0.024 0.154 0.225 0.047 0.007 0.003 0.011 
187 UHA-0205    (7)   :  0.961 0.003 0.006 0.009 0.004 0.005 0.004 0.005 0.003 
188 UHA-0207    (7)   :  0.967 0.006 0.007 0.004 0.003 0.006 0.002 0.003 0.002 
189 UHA-0208    (7)   :  0.637 0.006 0.269 0.030 0.008 0.033 0.005 0.006 0.005 
190 UHA-0210    (7)   :  0.103 0.393 0.143 0.037 0.075 0.037 0.011 0.021 0.181 
191 UHA-0211    (7)   :  0.005 0.002 0.003 0.003 0.970 0.003 0.009 0.002 0.003 
192 UHA-0212   (15)   :  0.005 0.002 0.003 0.003 0.972 0.002 0.008 0.002 0.002 
193 UHA-0213    (0)   :  0.031 0.002 0.004 0.004 0.340 0.004 0.607 0.005 0.004 
194 UHA-0214    (0)   :  0.005 0.002 0.003 0.003 0.587 0.002 0.395 0.002 0.002 
195 UHA-0215    (0)   :  0.124 0.025 0.171 0.023 0.009 0.023 0.607 0.011 0.007 
196 UHA-0216   (15)   :  0.053 0.003 0.156 0.050 0.012 0.091 0.627 0.003 0.004 
197 UHA-0217    (0)   :  0.033 0.011 0.024 0.034 0.036 0.041 0.797 0.004 0.021 
198 UHA-0218    (0)   :  0.008 0.008 0.056 0.026 0.010 0.203 0.670 0.016 0.003 
199 UHA-0219   (15)   :  0.042 0.004 0.773 0.054 0.008 0.012 0.087 0.013 0.007 
200 UHA-0220    (0)   :  0.009 0.009 0.279 0.038 0.031 0.217 0.410 0.003 0.004 
201 UHA-0221    (0)   :  0.951 0.002 0.015 0.008 0.006 0.005 0.005 0.004 0.004 
202 UHA-0222    (7)   :  0.963 0.002 0.009 0.005 0.005 0.004 0.004 0.005 0.004 
203 UHA-0223    (0)   :  0.175 0.005 0.745 0.015 0.006 0.032 0.012 0.006 0.003 
204 UHA-0224    (0)   :  0.003 0.006 0.002 0.003 0.002 0.002 0.003 0.007 0.973 
205 UHA-0225    (0)   :  0.035 0.013 0.791 0.007 0.033 0.031 0.081 0.004 0.004 
206 UHA-0226    (0)   :  0.204 0.003 0.642 0.010 0.010 0.110 0.011 0.005 0.005 
207 UHA-0227    (0)   :  0.004 0.033 0.839 0.011 0.003 0.019 0.004 0.003 0.083 
208 UHA-0228    (0)   :  0.003 0.003 0.967 0.009 0.003 0.008 0.002 0.003 0.003 
209 UHA-0229    (7)   :  0.019 0.004 0.901 0.007 0.015 0.040 0.004 0.003 0.006 
210 UHA-0230    (7)   :  0.106 0.015 0.225 0.219 0.085 0.121 0.190 0.022 0.018 
211 UHA-0231    (0)   :  0.004 0.003 0.058 0.899 0.007 0.012 0.007 0.004 0.006 
212 UHA-0232    (0)   :  0.031 0.004 0.804 0.014 0.008 0.122 0.010 0.005 0.003 
213 UHA-0233    (7)   :  0.204 0.004 0.332 0.350 0.018 0.037 0.045 0.004 0.006 
214 UHA-0238    (7)   :  0.100 0.003 0.407 0.045 0.017 0.376 0.035 0.004 0.012 
215 UHA-0239    (0)   :  0.008 0.010 0.175 0.102 0.022 0.583 0.009 0.009 0.082 
216 UHA-0240    (0)   :  0.005 0.002 0.328 0.018 0.008 0.630 0.003 0.003 0.004 
217 UHA-0241    (0)   :  0.004 0.002 0.121 0.851 0.003 0.011 0.002 0.002 0.004 
218 UHA-0242    (0)   :  0.006 0.002 0.141 0.817 0.004 0.021 0.002 0.003 0.003 
219 UHA-0243    (7)   :  0.007 0.002 0.016 0.188 0.003 0.779 0.002 0.002 0.002 
220 UHA-0244    (0)   :  0.012 0.006 0.044 0.857 0.006 0.039 0.021 0.006 0.010 
221 UHA-0245    (7)   :  0.006 0.005 0.875 0.009 0.013 0.008 0.076 0.005 0.004 
222 UHA-0246    (7)   :  0.005 0.003 0.136 0.826 0.006 0.012 0.004 0.004 0.004 
223 UHA-0247    (7)   :  0.014 0.004 0.022 0.091 0.006 0.843 0.006 0.005 0.008 
224 UHA-0248    (0)   :  0.010 0.174 0.008 0.006 0.662 0.004 0.064 0.004 0.069 
225 UHA-0249    (7)   :  0.091 0.022 0.015 0.007 0.777 0.005 0.029 0.004 0.050 
226 UHA-0251    (0)   :  0.028 0.004 0.006 0.007 0.925 0.006 0.017 0.005 0.003 
227 UHA-0252    (7)   :  0.105 0.014 0.013 0.004 0.840 0.006 0.002 0.008 0.009 
228 UHA-0254    (7)   :  0.004 0.003 0.037 0.021 0.919 0.006 0.005 0.002 0.003 
229 UHA-0255    (7)   :  0.105 0.005 0.017 0.008 0.837 0.010 0.003 0.003 0.012 
230 UHA-0256   (15)   :  0.004 0.011 0.065 0.010 0.045 0.020 0.042 0.026 0.777 
231 UHA-0257    (0)   :  0.002 0.980 0.002 0.002 0.002 0.002 0.003 0.003 0.003 
232 UHA-0258    (7)   :  0.002 0.041 0.005 0.004 0.004 0.006 0.007 0.881 0.049 
233 UHA-0259    (7)   :  0.004 0.010 0.014 0.005 0.006 0.031 0.039 0.013 0.879 
234 UHA-0260    (0)   :  0.002 0.982 0.002 0.002 0.002 0.002 0.002 0.003 0.004 
235 UHA-0261    (0)   :  0.003 0.966 0.003 0.004 0.002 0.003 0.003 0.005 0.012 
236 UHA-0262    (0)   :  0.003 0.003 0.003 0.002 0.002 0.002 0.004 0.007 0.974 
237 UHA-0263    (0)   :  0.002 0.004 0.002 0.002 0.002 0.002 0.002 0.004 0.978 
238 UHA-0264    (0)   :  0.003 0.004 0.004 0.007 0.003 0.004 0.004 0.068 0.903 
239 UHA-0265    (0)   :  0.002 0.003 0.003 0.004 0.002 0.002 0.002 0.004 0.979 
240 UHA-0266    (7)   :  0.002 0.008 0.003 0.003 0.002 0.002 0.002 0.006 0.972 
241 UHA-0267    (0)   :  0.002 0.003 0.002 0.002 0.002 0.002 0.002 0.003 0.982 
242 UHA-0273    (7)   :  0.718 0.036 0.008 0.004 0.183 0.013 0.013 0.003 0.022 
243 UHA-0282    (0)   :  0.007 0.004 0.187 0.576 0.003 0.214 0.004 0.002 0.002 
244 UHA-0283    (7)   :  0.003 0.002 0.004 0.003 0.004 0.003 0.972 0.004 0.004 
245 UHA-0284    (0)   :  0.017 0.007 0.873 0.023 0.004 0.054 0.005 0.012 0.005 
246 UHA-0285    (0)   :  0.003 0.002 0.002 0.003 0.003 0.002 0.980 0.002 0.002 
247 UHA-0286    (0)   :  0.003 0.007 0.009 0.097 0.028 0.142 0.700 0.011 0.003 
248 UHA-0287   (23)   :  0.006 0.002 0.004 0.004 0.010 0.003 0.965 0.003 0.002 
249 UHA-0288    (7)   :  0.005 0.003 0.613 0.012 0.011 0.038 0.004 0.310 0.003 
250 UHA-0289    (7)   :  0.003 0.002 0.024 0.938 0.012 0.014 0.003 0.002 0.002 
251 UHA-0294    (7)   :  0.014 0.004 0.011 0.936 0.006 0.012 0.006 0.003 0.007 
252 UHA-0295   (15)   :  0.056 0.006 0.054 0.460 0.007 0.376 0.014 0.019 0.008 
253 UHA-0299    (0)   :  0.004 0.004 0.022 0.564 0.004 0.390 0.003 0.002 0.006 
254 UHA-0300    (0)   :  0.017 0.002 0.006 0.003 0.026 0.003 0.938 0.002 0.002 
255 UHA-0301    (0)   :  0.003 0.002 0.913 0.062 0.003 0.008 0.003 0.002 0.005 
256 UHA-0302    (7)   :  0.004 0.002 0.962 0.006 0.003 0.011 0.003 0.003 0.006 
257 UHA-0303    (0)   :  0.013 0.003 0.538 0.134 0.006 0.025 0.009 0.266 0.005 
258 UHA-0304    (0)   :  0.003 0.006 0.711 0.011 0.036 0.210 0.016 0.002 0.004 
259 UHA-0305    (7)   :  0.003 0.002 0.908 0.062 0.004 0.007 0.003 0.008 0.003 
260 UHA-0306   (15)   :  0.005 0.005 0.862 0.088 0.006 0.016 0.003 0.010 0.004 
261 UHA-0307    (0)   :  0.004 0.005 0.005 0.007 0.003 0.967 0.003 0.004 0.003 
262 UHA-0308   (15)   :  0.009 0.002 0.906 0.049 0.004 0.019 0.005 0.003 0.003 
263 UHA-0309    (0)   :  0.004 0.002 0.010 0.009 0.009 0.957 0.005 0.002 0.002 
264 UHA-0310    (0)   :  0.011 0.003 0.015 0.054 0.005 0.905 0.002 0.002 0.002 
265 UHA-0311    (0)   :  0.005 0.002 0.003 0.010 0.004 0.003 0.969 0.002 0.002 
266 UHA-0312    (7)   :  0.008 0.004 0.533 0.018 0.007 0.413 0.012 0.003 0.003 
267 UHA-0313    (0)   :  0.004 0.003 0.301 0.016 0.007 0.649 0.015 0.003 0.003 
268 UHA-0314   (23)   :  0.004 0.009 0.003 0.006 0.008 0.004 0.954 0.005 0.008 
269 UHA-0316    (0)   :  0.007 0.012 0.014 0.039 0.006 0.908 0.004 0.004 0.006 
270 UHA-0317    (7)   :  0.007 0.092 0.022 0.755 0.012 0.086 0.017 0.002 0.007 
271 UHA-0318    (7)   :  0.006 0.003 0.496 0.013 0.006 0.466 0.003 0.003 0.004 
272 UHA-0319    (0)   :  0.005 0.002 0.003 0.004 0.002 0.004 0.976 0.002 0.002 
273 UHA-0320    (0)   :  0.004 0.004 0.004 0.005 0.004 0.003 0.907 0.003 0.066 
274 UHA-0321    (7)   :  0.006 0.003 0.934 0.023 0.009 0.016 0.003 0.002 0.004 
275 UHA-0322    (0)   :  0.011 0.005 0.013 0.007 0.005 0.939 0.008 0.002 0.009 
276 UHA-0323    (0)   :  0.025 0.003 0.009 0.013 0.008 0.007 0.929 0.003 0.003 
277 UHA-0324    (7)   :  0.003 0.004 0.003 0.004 0.004 0.005 0.947 0.021 0.010 
278 UHA-0325    (0)   :  0.005 0.007 0.003 0.003 0.005 0.003 0.967 0.005 0.002 
279 UHA-0326    (0)   :  0.003 0.002 0.007 0.011 0.003 0.009 0.941 0.021 0.003 
280 UHA-0327    (7)   :  0.003 0.003 0.003 0.004 0.004 0.005 0.971 0.004 0.004 
281 UHA-0329    (0)   :  0.015 0.002 0.688 0.082 0.028 0.175 0.004 0.003 0.003 
282 UHA-0330    (0)   :  0.007 0.004 0.770 0.092 0.016 0.099 0.007 0.003 0.002 
283 UHA-0331   (23)   :  0.004 0.004 0.004 0.004 0.009 0.005 0.957 0.006 0.006 
284 UHA-0332    (0)   :  0.006 0.003 0.006 0.950 0.003 0.023 0.003 0.002 0.004 
285 UHA-0333    (0)   :  0.003 0.002 0.003 0.003 0.005 0.004 0.975 0.003 0.002 
286 UHA-0334    (0)   :  0.004 0.005 0.006 0.004 0.009 0.004 0.959 0.008 0.002 
287 UHA-0335   (15)   :  0.009 0.003 0.852 0.023 0.007 0.096 0.004 0.002 0.003 
288 UHA-0337    (0)   :  0.040 0.004 0.259 0.025 0.005 0.653 0.005 0.002 0.007 
289 UHA-0338    (7)   :  0.005 0.006 0.011 0.010 0.072 0.025 0.864 0.003 0.005 
290 UHA-0339    (0)   :  0.008 0.003 0.049 0.005 0.008 0.006 0.913 0.006 0.002 
291 UHA-0340    (0)   :  0.105 0.010 0.471 0.237 0.048 0.106 0.006 0.011 0.007 
292 UHA-0343    (0)   :  0.003 0.007 0.008 0.097 0.028 0.145 0.697 0.011 0.003 
293 UHA-0345    (0)   :  0.003 0.002 0.020 0.931 0.006 0.011 0.002 0.010 0.014 
294 UHA-0346    (7)   :  0.009 0.002 0.118 0.778 0.017 0.046 0.022 0.006 0.002 
295 UHA-0347    (7)   :  0.009 0.002 0.201 0.165 0.006 0.558 0.003 0.041 0.015 
296 UHA-0348    (0)   :  0.021 0.003 0.016 0.022 0.003 0.922 0.003 0.006 0.003 
297 UHA-0349   (23)   :  0.006 0.006 0.015 0.389 0.005 0.556 0.003 0.015 0.004 
298 UHA-0350    (0)   :  0.002 0.003 0.003 0.004 0.003 0.004 0.974 0.005 0.003 
299 UHA-0354    (0)   :  0.185 0.004 0.021 0.043 0.056 0.659 0.017 0.010 0.005 
300 UHA-0352    (7)   :  0.009 0.003 0.062 0.735 0.003 0.179 0.004 0.002 0.003 
301 UHA-0353    (7)   :  0.017 0.002 0.079 0.107 0.010 0.773 0.005 0.003 0.004 
302 UHA-0172    (0)   :  0.972 0.001 0.005 0.006 0.003 0.007 0.003 0.002 0.002 
303 UHA-0174    (0)   :  0.179 0.006 0.026 0.134 0.038 0.594 0.012 0.005 0.006 
304 UHA-0175    (0)   :  0.013 0.007 0.213 0.487 0.008 0.257 0.003 0.002 0.011 
305 UHA-0176    (0)   :  0.005 0.005 0.003 0.002 0.003 0.003 0.965 0.003 0.011 
306 UHA-0177    (7)   :  0.011 0.012 0.529 0.088 0.041 0.266 0.011 0.034 0.007 
307 UHA-0178    (0)   :  0.008 0.002 0.005 0.002 0.002 0.004 0.960 0.004 0.013 
308 UHA-0179    (7)   :  0.774 0.003 0.013 0.012 0.148 0.012 0.028 0.006 0.003 
309 UHA-0189    (0)   :  0.004 0.010 0.003 0.003 0.004 0.004 0.963 0.004 0.006 
310 UHA-0190    (0)   :  0.006 0.004 0.003 0.003 0.005 0.003 0.972 0.003 0.003 
311 UHA-0199    (7)   :  0.939 0.004 0.011 0.008 0.014 0.009 0.008 0.002 0.005 
312 UHA-0276    (0)   :  0.004 0.002 0.003 0.003 0.972 0.004 0.005 0.003 0.002 
313 UHA-0277    (7)   :  0.003 0.002 0.005 0.006 0.929 0.005 0.044 0.003 0.003 
314 UHA-0203    (7)   :  0.981 0.002 0.002 0.002 0.003 0.003 0.003 0.002 0.002 
315 UHA-0204    (0)   :  0.971 0.002 0.005 0.004 0.004 0.006 0.003 0.003 0.004 
316 UHA-0234    (0)   :  0.018 0.003 0.343 0.365 0.005 0.252 0.008 0.004 0.003 
317 UHA-0235    (0)   :  0.046 0.004 0.013 0.830 0.007 0.086 0.004 0.006 0.005 
318 UHA-0236    (0)   :  0.631 0.003 0.044 0.018 0.033 0.170 0.087 0.005 0.010 
319 UHA-0268    (0)   :  0.005 0.345 0.090 0.040 0.094 0.019 0.004 0.008 0.395 
320 UHA-0269    (0)   :  0.004 0.022 0.005 0.005 0.859 0.018 0.006 0.005 0.075 
321 UHA-0270    (7)   :  0.008 0.027 0.219 0.029 0.068 0.127 0.279 0.197 0.046 
322 UHA-0271    (0)   :  0.029 0.103 0.039 0.018 0.016 0.014 0.449 0.013 0.319 
323 UHA-0272    (0)   :  0.037 0.493 0.120 0.007 0.013 0.265 0.014 0.040 0.011 
324 UHA-0355    (7)   :  0.022 0.003 0.273 0.137 0.024 0.532 0.003 0.003 0.002 
325 UHA-0356    (0)   :  0.007 0.019 0.009 0.052 0.006 0.824 0.003 0.021 0.058 
326 UHA-0357    (0)   :  0.005 0.004 0.557 0.011 0.011 0.394 0.010 0.006 0.002 
327 UHA-0358    (0)   :  0.007 0.003 0.765 0.041 0.005 0.150 0.003 0.012 0.014 
328 UHA-0359    (0)   :  0.010 0.004 0.016 0.052 0.025 0.838 0.033 0.010 0.011 
329 UHA-0361   (23)   :  0.008 0.012 0.014 0.195 0.007 0.745 0.012 0.003 0.004 
330 UHA-0362    (0)   :  0.007 0.009 0.041 0.803 0.003 0.107 0.008 0.017 0.005 
331 UHA-0363   (15)   :  0.027 0.006 0.470 0.046 0.004 0.433 0.005 0.004 0.005 
332 UHA-0379    (0)   :  0.003 0.027 0.002 0.002 0.003 0.003 0.881 0.030 0.049 
333 UHA-0365    (0)   :  0.004 0.004 0.007 0.007 0.002 0.968 0.003 0.003 0.002 
334 UHA-0366    (0)   :  0.009 0.010 0.018 0.007 0.022 0.895 0.005 0.019 0.014 
335 UHA-0367    (0)   :  0.008 0.005 0.018 0.010 0.008 0.006 0.938 0.003 0.005 
336 UHA-0368    (0)   :  0.005 0.004 0.003 0.003 0.006 0.003 0.971 0.002 0.002 
337 UHA-0369    (0)   :  0.003 0.002 0.002 0.002 0.002 0.002 0.981 0.003 0.003 
338 UHA-0370    (7)   :  0.012 0.003 0.007 0.005 0.008 0.007 0.953 0.003 0.003 
339 UHA-0371    (7)   :  0.003 0.021 0.005 0.010 0.007 0.004 0.888 0.055 0.006 
340 UHA-0372    (7)   :  0.015 0.005 0.011 0.015 0.004 0.924 0.004 0.010 0.012 
341 UHA-0373   (15)   :  0.003 0.002 0.011 0.957 0.011 0.008 0.003 0.002 0.002 
342 UHA-0374    (0)   :  0.087 0.002 0.119 0.227 0.141 0.393 0.005 0.025 0.003 
343 UHA-0375    (0)   :  0.007 0.004 0.006 0.959 0.006 0.007 0.004 0.003 0.004 
344 UHA-0376    (0)   :  0.045 0.002 0.297 0.603 0.004 0.030 0.002 0.013 0.004 
345 UHA-0377    (0)   :  0.003 0.002 0.002 0.003 0.004 0.003 0.977 0.004 0.002 
346 UHA-0378    (0)   :  0.003 0.004 0.003 0.003 0.003 0.003 0.973 0.004 0.004 
347 UHA-0380    (7)   :  0.004 0.004 0.012 0.007 0.013 0.017 0.929 0.004 0.010 
348 UHA-0381    (0)   :  0.004 0.002 0.005 0.004 0.013 0.004 0.962 0.002 0.003 
349 UHA-0382    (0)   :  0.008 0.003 0.003 0.003 0.007 0.003 0.969 0.002 0.002 
350 UHA-0383   (15)   :  0.055 0.007 0.011 0.004 0.016 0.007 0.887 0.010 0.003 
351 UHA-0384    (7)   :  0.002 0.002 0.009 0.011 0.006 0.008 0.955 0.003 0.003 
352 UHA-0385    (0)   :  0.004 0.002 0.012 0.004 0.004 0.004 0.967 0.002 0.002 
353 UHA-0386    (7)   :  0.002 0.002 0.003 0.002 0.003 0.002 0.982 0.002 0.002 
354 UHA-0387    (0)   :  0.002 0.002 0.007 0.004 0.003 0.007 0.971 0.002 0.002 
355 UHA-0388    (0)   :  0.002 0.004 0.004 0.004 0.003 0.006 0.968 0.003 0.006 
356 UHA-0389    (7)   :  0.006 0.003 0.007 0.009 0.004 0.005 0.962 0.002 0.003 
357 UHA-0390    (0)   :  0.002 0.003 0.003 0.003 0.002 0.002 0.979 0.003 0.003 
358 UHA-0391    (0)   :  0.003 0.004 0.004 0.008 0.029 0.005 0.940 0.003 0.005 
359 UHA-0392    (0)   :  0.003 0.024 0.002 0.002 0.003 0.003 0.891 0.030 0.042 
360 UHA-0393    (0)   :  0.003 0.004 0.004 0.003 0.009 0.005 0.957 0.011 0.005 
361 UHA-0394    (0)   :  0.008 0.003 0.030 0.006 0.010 0.013 0.926 0.002 0.002 
362 UHA-0395    (7)   :  0.004 0.004 0.919 0.038 0.007 0.009 0.009 0.003 0.006 
363 UHA-0396    (0)   :  0.005 0.004 0.917 0.046 0.009 0.007 0.008 0.002 0.003 
364 UHA-0397    (7)   :  0.041 0.004 0.293 0.042 0.006 0.585 0.014 0.004 0.011 
365 UHA-0398    (0)   :  0.022 0.020 0.322 0.102 0.170 0.289 0.008 0.049 0.019 
366 UHA-0399    (7)   :  0.006 0.004 0.861 0.020 0.005 0.093 0.006 0.002 0.003 
367 UHA-0400    (0)   :  0.003 0.004 0.007 0.179 0.003 0.796 0.002 0.003 0.003 
368 UHA-0401   (15)   :  0.006 0.005 0.673 0.239 0.012 0.048 0.012 0.002 0.004 
369 UHA-0402   (23)   :  0.006 0.005 0.502 0.025 0.006 0.442 0.007 0.004 0.003 
370 UHA-0404    (0)   :  0.003 0.003 0.015 0.003 0.003 0.003 0.902 0.059 0.008 
371 UHA-0405    (0)   :  0.017 0.005 0.852 0.040 0.009 0.043 0.027 0.003 0.003 
372 UHA-0406    (0)   :  0.003 0.002 0.007 0.966 0.002 0.011 0.002 0.006 0.002 
373 UHA-0407    (0)   :  0.003 0.004 0.168 0.019 0.004 0.793 0.003 0.003 0.002 
374 UHA-0408    (0)   :  0.002 0.002 0.004 0.003 0.003 0.003 0.980 0.002 0.002 
375 UHA-0409    (0)   :  0.003 0.021 0.518 0.083 0.003 0.357 0.002 0.005 0.007 
376 UHA-0410    (0)   :  0.003 0.002 0.005 0.005 0.004 0.008 0.968 0.003 0.003 
377 UHA-0411    (7)   :  0.006 0.004 0.654 0.044 0.003 0.281 0.003 0.003 0.002 
378 UHA-0412    (0)   :  0.003 0.002 0.005 0.005 0.004 0.008 0.968 0.003 0.003 
379 UHA-0413    (0)   :  0.004 0.002 0.032 0.877 0.005 0.020 0.038 0.010 0.012 
380 UHA-0414    (0)   :  0.004 0.002 0.004 0.004 0.003 0.004 0.976 0.002 0.002 
381 UHA-0415    (0)   :  0.003 0.002 0.003 0.003 0.003 0.003 0.980 0.002 0.002 
382 UHA-0416    (0)   :  0.002 0.003 0.005 0.004 0.007 0.004 0.968 0.002 0.003 
383 UHA-0417    (0)   :  0.003 0.095 0.006 0.005 0.006 0.005 0.814 0.018 0.048 
384 UHA-0418    (0)   :  0.003 0.002 0.002 0.002 0.003 0.002 0.980 0.003 0.003 
385 UHA-0419    (0)   :  0.004 0.002 0.003 0.004 0.004 0.003 0.976 0.002 0.003 
386 UHA-0420    (0)   :  0.004 0.003 0.051 0.886 0.004 0.043 0.002 0.004 0.003 
387 UHA-0421    (0)   :  0.005 0.004 0.008 0.014 0.010 0.931 0.013 0.006 0.009 
388 UHA-0422    (0)   :  0.006 0.011 0.025 0.056 0.015 0.063 0.815 0.005 0.004 
389 UHA-0423    (0)   :  0.003 0.003 0.006 0.004 0.004 0.005 0.968 0.003 0.003 
390 UHA-0424    (0)   :  0.047 0.002 0.586 0.036 0.006 0.302 0.013 0.003 0.005 
391 UHA-0425    (0)   :  0.003 0.015 0.013 0.047 0.004 0.878 0.002 0.010 0.028 
392 UHA-0461    (0)   :  0.059 0.004 0.324 0.157 0.020 0.248 0.008 0.174 0.005 
393 UHA-0462    (7)   :  0.005 0.003 0.720 0.226 0.005 0.023 0.003 0.004 0.012 
394 UHA-0463    (7)   :  0.003 0.002 0.005 0.974 0.002 0.008 0.002 0.002 0.002 
395 UHA-0464    (0)   :  0.003 0.002 0.006 0.965 0.002 0.009 0.003 0.004 0.004 
396 UHA-0465    (0)   :  0.005 0.028 0.014 0.830 0.004 0.031 0.003 0.006 0.079 
397 UHA-0466    (0)   :  0.019 0.002 0.584 0.051 0.004 0.333 0.003 0.003 0.002 
398 UHA-0467    (7)   :  0.013 0.004 0.267 0.084 0.007 0.606 0.003 0.014 0.002 
399 UHA-0468    (0)   :  0.016 0.007 0.702 0.120 0.012 0.085 0.005 0.007 0.045 
400 UHA-0469    (0)   :  0.014 0.007 0.039 0.526 0.009 0.387 0.005 0.006 0.007 
401 UHA-0470    (0)   :  0.005 0.003 0.016 0.024 0.005 0.930 0.011 0.002 0.004 
402 UHA-0471    (0)   :  0.014 0.002 0.011 0.007 0.003 0.958 0.002 0.002 0.002 
403 UHA-0472    (7)   :  0.005 0.003 0.529 0.375 0.010 0.071 0.003 0.002 0.002 
404 UHA-0473    (0)   :  0.007 0.009 0.928 0.016 0.008 0.015 0.003 0.002 0.012 
405 UHA-0474    (0)   :  0.047 0.003 0.195 0.666 0.012 0.062 0.007 0.004 0.005 
406 UHA-0475    (0)   :  0.008 0.002 0.094 0.847 0.003 0.040 0.002 0.002 0.002 
407 UHA-0180    (0)   :  0.003 0.003 0.957 0.010 0.004 0.015 0.002 0.003 0.003 
408 UHA-0181    (0)   :  0.004 0.004 0.097 0.166 0.013 0.704 0.003 0.002 0.007 
409 UHA-0182    (7)   :  0.066 0.008 0.020 0.038 0.118 0.742 0.002 0.002 0.005 
410 UHA-0278    (0)   :  0.003 0.003 0.003 0.003 0.970 0.006 0.005 0.003 0.004 
411 UHA-0279    (0)   :  0.011 0.002 0.005 0.005 0.003 0.005 0.963 0.003 0.002 
412 UHA-0280    (0)   :  0.012 0.002 0.136 0.169 0.006 0.665 0.005 0.003 0.003 
413 UHA-0291    (0)   :  0.003 0.003 0.002 0.002 0.002 0.002 0.982 0.002 0.002 
414 UHA-0315    (0)   :  0.345 0.004 0.095 0.142 0.023 0.316 0.041 0.006 0.027 
415 UHA-0328    (0)   :  0.003 0.001 0.862 0.107 0.003 0.014 0.003 0.003 0.005 
416 UHA-0344    (0)   :  0.004 0.002 0.044 0.917 0.004 0.024 0.002 0.002 0.002 
417 UHA-0351    (0)   :  0.002 0.958 0.004 0.005 0.003 0.003 0.003 0.009 0.012 


Estimated Allele Frequencies in each cluster
First column gives estimated ancestral frequencies


Locus 1 : 
10 alleles
1.9% missing data
   4   (0.184) 0.029 0.019 0.241 0.073 0.254 0.156 0.390 0.486 0.508 
   3   (0.550) 0.315 0.743 0.550 0.735 0.605 0.670 0.454 0.500 0.478 
   2   (0.119) 0.071 0.088 0.133 0.169 0.059 0.048 0.121 0.003 0.013 
   9   (0.015) 0.002 0.149 0.002 0.002 0.004 0.002 0.000 0.004 0.000 
   8   (0.015) 0.002 0.000 0.002 0.002 0.020 0.003 0.000 0.004 0.000 
   5   (0.047) 0.573 0.000 0.025 0.010 0.016 0.111 0.001 0.001 0.000 
  10   (0.015) 0.002 0.000 0.002 0.002 0.026 0.002 0.000 0.000 0.000 
   7   (0.017) 0.002 0.000 0.032 0.002 0.004 0.002 0.000 0.000 0.000 
   6   (0.016) 0.002 0.000 0.002 0.002 0.005 0.002 0.027 0.000 0.000 
   1   (0.020) 0.003 0.000 0.013 0.003 0.006 0.003 0.005 0.000 0.000 

Locus 2 : 
20 alleles
1.0% missing data
  13   (0.166) 0.116 0.386 0.307 0.268 0.055 0.155 0.006 0.265 0.483 
  15   (0.132) 0.065 0.200 0.088 0.112 0.126 0.207 0.004 0.008 0.342 
   6   (0.029) 0.011 0.200 0.003 0.003 0.014 0.004 0.001 0.002 0.167 
  14   (0.130) 0.047 0.209 0.203 0.191 0.047 0.260 0.005 0.407 0.001 
   3   (0.018) 0.002 0.000 0.002 0.002 0.006 0.003 0.861 0.000 0.000 
  17   (0.039) 0.008 0.001 0.045 0.114 0.018 0.017 0.001 0.001 0.001 
   5   (0.013) 0.001 0.000 0.001 0.002 0.004 0.002 0.000 0.304 0.000 
   8   (0.046) 0.118 0.001 0.016 0.010 0.073 0.013 0.021 0.002 0.001 
   4   (0.015) 0.002 0.000 0.002 0.002 0.004 0.002 0.066 0.000 0.000 
  12   (0.032) 0.284 0.000 0.006 0.005 0.080 0.009 0.001 0.001 0.000 
  11   (0.088) 0.227 0.001 0.053 0.130 0.088 0.057 0.015 0.002 0.001 
   9   (0.046) 0.007 0.000 0.035 0.038 0.068 0.016 0.007 0.001 0.000 
  10   (0.044) 0.006 0.000 0.034 0.016 0.158 0.017 0.002 0.001 0.000 
  18   (0.047) 0.006 0.000 0.105 0.030 0.016 0.084 0.002 0.001 0.000 
   2   (0.021) 0.064 0.000 0.002 0.003 0.008 0.003 0.004 0.001 0.000 
  16   (0.063) 0.029 0.001 0.061 0.049 0.063 0.123 0.002 0.002 0.001 
   7   (0.018) 0.002 0.000 0.002 0.002 0.156 0.002 0.000 0.000 0.000 
  19   (0.018) 0.002 0.000 0.010 0.015 0.005 0.003 0.001 0.000 0.000 
   1   (0.014) 0.002 0.000 0.010 0.002 0.004 0.003 0.000 0.000 0.000 
  20   (0.021) 0.002 0.000 0.014 0.005 0.006 0.019 0.001 0.000 0.000 

Locus 3 : 
21 alleles
0.5% missing data
   1   (0.071) 0.013 0.160 0.083 0.063 0.093 0.064 0.006 0.004 0.068 
  12   (0.067) 0.064 0.114 0.039 0.020 0.021 0.017 0.050 0.139 0.322 
  13   (0.072) 0.049 0.220 0.052 0.079 0.118 0.013 0.002 0.066 0.373 
  11   (0.071) 0.023 0.065 0.031 0.044 0.038 0.056 0.011 0.285 0.122 
   5   (0.117) 0.020 0.005 0.168 0.172 0.165 0.147 0.369 0.168 0.001 
   6   (0.063) 0.023 0.100 0.011 0.018 0.056 0.028 0.134 0.311 0.106 
   2   (0.063) 0.030 0.129 0.030 0.246 0.022 0.190 0.002 0.003 0.001 
  10   (0.079) 0.113 0.203 0.057 0.055 0.107 0.042 0.025 0.004 0.001 
   4   (0.063) 0.125 0.001 0.060 0.014 0.175 0.039 0.167 0.001 0.001 
  15   (0.034) 0.097 0.000 0.008 0.010 0.011 0.014 0.025 0.010 0.002 
   8   (0.081) 0.020 0.002 0.226 0.230 0.026 0.241 0.048 0.003 0.001 
   9   (0.041) 0.184 0.000 0.042 0.019 0.013 0.103 0.002 0.001 0.000 
  16   (0.019) 0.063 0.000 0.002 0.002 0.005 0.003 0.026 0.000 0.000 
   3   (0.026) 0.003 0.000 0.098 0.003 0.052 0.009 0.001 0.001 0.000 
   7   (0.049) 0.068 0.000 0.081 0.014 0.066 0.013 0.089 0.001 0.001 
  14   (0.019) 0.065 0.000 0.002 0.002 0.005 0.012 0.001 0.000 0.000 
  18   (0.012) 0.015 0.000 0.001 0.001 0.009 0.002 0.000 0.000 0.000 
  20   (0.013) 0.001 0.000 0.001 0.001 0.003 0.002 0.026 0.000 0.000 
  19   (0.011) 0.001 0.000 0.001 0.001 0.004 0.002 0.006 0.000 0.000 
