

----------------------------------------------------
STRUCTURE by Pritchard, Stephens and Donnelly (2000)
     and Falush, Stephens and Pritchard (2003)
       Code by Pritchard, Falush and Hubisz
             Version 2.3.4 (Jul 2012)
----------------------------------------------------



Command line arguments:   bin\structure -m C:\Users\eschumacher\Documents\GitHub\USBGHybridAcornsREU2023\Analysis\STRUCTURE\All_Loci\UHA_all_loci_nopop\200-200\mainparams -e C:\Users\eschumacher\Documents\GitHub\USBGHybridAcornsREU2023\Analysis\STRUCTURE\All_Loci\UHA_all_loci_nopop\200-200\extraparams 
Input File:    C:\Users\eschumacher\Documents\GitHub\USBGHybridAcornsREU2023\Analysis\STRUCTURE\All_Loci\UHA_all_loci_nopop\project_data

Run parameters:
   417 individuals
   13 loci
   10 populations assumed
   200000 Burn-in period
   200000 Reps


--------------------------------------------
Overall proportion of membership of the
sample in each of the 10 clusters

Inferred Clusters
  1      2      3      4      5      6      7      8      9     10    
0.084  0.033  0.048  0.076  0.078  0.192  0.178  0.059  0.055  0.197  

--------------------------------------------

Allele-freq. divergence among pops (Net nucleotide distance),
computed using point estimates of P.

      1       2       3       4       5       6       7       8       9      10      
 1      -    0.0877  0.1088  0.0381  0.0291  0.1963  0.1818  0.0344  0.1184  0.1936  
 2   0.0877     -    0.1031  0.0865  0.0777  0.1632  0.1445  0.0897  0.1004  0.1726  
 3   0.1088  0.1031     -    0.1186  0.1107  0.0712  0.1328  0.1222  0.1328  0.0717  
 4   0.0381  0.0865  0.1186     -    0.0342  0.1796  0.1961  0.0398  0.1252  0.2110  
 5   0.0291  0.0777  0.1107  0.0342     -    0.1920  0.1798  0.0428  0.1124  0.1860  
 6   0.1963  0.1632  0.0712  0.1796  0.1920     -    0.2059  0.1832  0.2017  0.0937  
 7   0.1818  0.1445  0.1328  0.1961  0.1798  0.2059     -    0.2002  0.1826  0.2114  
 8   0.0344  0.0897  0.1222  0.0398  0.0428  0.1832  0.2002     -    0.1199  0.2282  
 9   0.1184  0.1004  0.1328  0.1252  0.1124  0.2017  0.1826  0.1199     -    0.2210  
10   0.1936  0.1726  0.0717  0.2110  0.1860  0.0937  0.2114  0.2282  0.2210     -    

Average distances (expected heterozygosity) between individuals in same cluster:
cluster  1  : 0.6753 
cluster  2  : 0.7988 
cluster  3  : 0.6205 
cluster  4  : 0.6804 
cluster  5  : 0.7048 
cluster  6  : 0.5396 
cluster  7  : 0.5033 
cluster  8  : 0.6815 
cluster  9  : 0.6525 
cluster 10  : 0.5232 

--------------------------------------------
Estimated Ln Prob of Data   = -17970.0
Mean value of ln likelihood = -14324.7
Variance of ln likelihood   = 7290.6
Mean value of alpha         = 0.0316

Mean value of Fst_1         = 0.0994
Mean value of Fst_2         = 0.1113
Mean value of Fst_3         = 0.3457
Mean value of Fst_4         = 0.1033
Mean value of Fst_5         = 0.0841
Mean value of Fst_6         = 0.3913
Mean value of Fst_7         = 0.1998
Mean value of Fst_8         = 0.1132
Mean value of Fst_9         = 0.1641
Mean value of Fst_10         = 0.4339


Inferred ancestry of individuals:
        Label (%Miss) :  Inferred clusters
  1 UHA-0126    (0)   :  0.004 0.005 0.009 0.011 0.007 0.939 0.013 0.004 0.003 0.004 
  2 UHA-0127   (15)   :  0.002 0.002 0.004 0.002 0.003 0.972 0.003 0.002 0.002 0.008 
  3 UHA-0135    (0)   :  0.003 0.003 0.020 0.003 0.005 0.118 0.008 0.005 0.002 0.833 
  4 UHA-0166    (0)   :  0.031 0.010 0.035 0.015 0.011 0.726 0.005 0.016 0.028 0.124 
  5 UHA-0169    (0)   :  0.016 0.145 0.117 0.005 0.012 0.672 0.010 0.007 0.005 0.010 
  6 UHA-0058    (7)   :  0.003 0.003 0.009 0.003 0.002 0.013 0.004 0.003 0.003 0.957 
  7 UHA-0020    (0)   :  0.002 0.002 0.002 0.002 0.002 0.004 0.002 0.002 0.002 0.981 
  8 UHA-0023   (15)   :  0.002 0.002 0.006 0.002 0.002 0.012 0.002 0.002 0.002 0.966 
  9 UHA-0025    (0)   :  0.004 0.003 0.158 0.004 0.005 0.005 0.005 0.005 0.002 0.810 
 10 UHA-0026    (7)   :  0.003 0.002 0.004 0.004 0.003 0.028 0.003 0.003 0.003 0.947 
 11 UHA-0027    (0)   :  0.002 0.002 0.004 0.002 0.003 0.004 0.002 0.002 0.002 0.976 
 12 UHA-0028    (0)   :  0.002 0.002 0.003 0.002 0.002 0.005 0.002 0.002 0.002 0.980 
 13 UHA-0099    (0)   :  0.004 0.003 0.254 0.003 0.003 0.003 0.010 0.003 0.003 0.714 
 14 UHA-0029    (0)   :  0.002 0.002 0.003 0.002 0.002 0.004 0.003 0.002 0.002 0.977 
 15 UHA-0043   (15)   :  0.003 0.003 0.007 0.003 0.003 0.010 0.004 0.002 0.004 0.961 
 16 UHA-0045    (0)   :  0.002 0.002 0.004 0.003 0.002 0.007 0.002 0.002 0.002 0.974 
 17 UHA-0047    (0)   :  0.003 0.003 0.011 0.004 0.003 0.010 0.009 0.003 0.003 0.951 
 18 UHA-0050    (0)   :  0.006 0.005 0.004 0.010 0.004 0.085 0.003 0.006 0.005 0.872 
 19 UHA-0052    (0)   :  0.004 0.013 0.006 0.005 0.018 0.010 0.004 0.003 0.004 0.932 
 20 UHA-0056    (7)   :  0.005 0.002 0.365 0.004 0.003 0.357 0.009 0.003 0.002 0.250 
 21 UHA-0068    (7)   :  0.003 0.002 0.009 0.003 0.003 0.962 0.004 0.003 0.003 0.008 
 22 UHA-0070    (0)   :  0.002 0.002 0.004 0.002 0.002 0.978 0.003 0.002 0.002 0.003 
 23 UHA-0071    (7)   :  0.003 0.002 0.004 0.002 0.003 0.975 0.002 0.003 0.002 0.004 
 24 UHA-0075   (15)   :  0.015 0.003 0.041 0.004 0.006 0.704 0.004 0.022 0.004 0.198 
 25 UHA-0077    (0)   :  0.003 0.002 0.010 0.002 0.002 0.963 0.002 0.003 0.002 0.011 
 26 UHA-0079    (0)   :  0.002 0.002 0.003 0.003 0.002 0.978 0.002 0.002 0.002 0.004 
 27 UHA-0080    (7)   :  0.016 0.003 0.005 0.016 0.010 0.914 0.005 0.024 0.004 0.003 
 28 UHA-0081    (7)   :  0.002 0.002 0.003 0.002 0.002 0.977 0.002 0.002 0.002 0.004 
 29 UHA-0093   (15)   :  0.002 0.002 0.004 0.002 0.002 0.976 0.003 0.002 0.002 0.004 
 30 UHA-0094    (0)   :  0.002 0.002 0.002 0.002 0.002 0.978 0.002 0.002 0.002 0.005 
 31 UHA-0095    (0)   :  0.002 0.002 0.005 0.003 0.002 0.971 0.003 0.002 0.002 0.007 
 32 UHA-0096   (23)   :  0.003 0.003 0.005 0.003 0.003 0.950 0.003 0.003 0.003 0.023 
 33 UHA-0097    (7)   :  0.002 0.003 0.004 0.003 0.002 0.975 0.002 0.002 0.002 0.004 
 34 UHA-0098    (0)   :  0.002 0.002 0.003 0.002 0.002 0.003 0.003 0.002 0.002 0.980 
 35 UHA-0101   (15)   :  0.003 0.003 0.003 0.003 0.003 0.003 0.007 0.003 0.002 0.970 
 36 UHA-0105    (0)   :  0.004 0.002 0.012 0.002 0.004 0.004 0.002 0.002 0.002 0.967 
 37 UHA-0109    (0)   :  0.003 0.002 0.003 0.003 0.002 0.004 0.004 0.002 0.002 0.975 
 38 UHA-0111    (0)   :  0.003 0.003 0.052 0.002 0.004 0.013 0.004 0.004 0.002 0.913 
 39 UHA-0112    (7)   :  0.003 0.002 0.003 0.003 0.002 0.973 0.003 0.004 0.003 0.003 
 40 UHA-0298    (0)   :  0.003 0.003 0.010 0.004 0.003 0.020 0.003 0.004 0.002 0.948 
 41 UHA-0021    (0)   :  0.003 0.003 0.007 0.003 0.005 0.005 0.002 0.009 0.002 0.960 
 42 UHA-0022    (0)   :  0.002 0.002 0.005 0.002 0.002 0.004 0.002 0.002 0.002 0.978 
 43 UHA-0048    (0)   :  0.002 0.002 0.004 0.002 0.002 0.003 0.002 0.002 0.002 0.980 
 44 UHA-0049    (0)   :  0.002 0.002 0.003 0.002 0.002 0.006 0.002 0.002 0.002 0.978 
 45 UHA-0053    (0)   :  0.002 0.002 0.003 0.002 0.002 0.006 0.002 0.002 0.002 0.975 
 46 UHA-0054    (0)   :  0.002 0.002 0.003 0.003 0.003 0.005 0.002 0.002 0.002 0.977 
 47 UHA-0055    (0)   :  0.002 0.006 0.012 0.003 0.003 0.268 0.002 0.003 0.004 0.695 
 48 UHA-0069    (0)   :  0.002 0.002 0.003 0.002 0.002 0.979 0.002 0.002 0.002 0.003 
 49 UHA-0072    (0)   :  0.003 0.002 0.005 0.002 0.003 0.965 0.003 0.003 0.002 0.012 
 50 UHA-0073    (0)   :  0.002 0.002 0.003 0.002 0.002 0.979 0.002 0.002 0.002 0.003 
 51 UHA-0074    (0)   :  0.004 0.005 0.007 0.003 0.004 0.386 0.009 0.003 0.002 0.576 
 52 UHA-0076    (0)   :  0.002 0.002 0.004 0.002 0.002 0.977 0.002 0.002 0.002 0.005 
 53 UHA-0100    (0)   :  0.003 0.005 0.344 0.002 0.003 0.006 0.007 0.004 0.003 0.623 
 54 UHA-0102    (0)   :  0.002 0.002 0.005 0.002 0.002 0.004 0.002 0.002 0.002 0.976 
 55 UHA-0106    (0)   :  0.002 0.002 0.003 0.002 0.002 0.004 0.002 0.002 0.002 0.979 
 56 UHA-0110    (0)   :  0.003 0.004 0.138 0.002 0.003 0.014 0.014 0.004 0.003 0.816 
 57 UHA-0036    (7)   :  0.003 0.002 0.004 0.002 0.002 0.004 0.003 0.002 0.002 0.976 
 58 UHA-0037    (0)   :  0.010 0.006 0.007 0.011 0.008 0.030 0.004 0.009 0.005 0.909 
 59 UHA-0038    (0)   :  0.005 0.004 0.004 0.007 0.004 0.133 0.002 0.005 0.003 0.833 
 60 UHA-0089    (0)   :  0.002 0.002 0.003 0.002 0.002 0.980 0.002 0.002 0.002 0.002 
 61 UHA-0040    (0)   :  0.003 0.002 0.007 0.004 0.002 0.076 0.003 0.003 0.002 0.897 
 62 UHA-0041    (0)   :  0.002 0.002 0.003 0.002 0.002 0.005 0.002 0.002 0.002 0.978 
 63 UHA-0090    (0)   :  0.002 0.002 0.003 0.003 0.002 0.978 0.002 0.002 0.002 0.004 
 64 UHA-0059    (0)   :  0.002 0.002 0.004 0.002 0.002 0.002 0.002 0.002 0.002 0.981 
 65 UHA-0063    (0)   :  0.004 0.003 0.003 0.002 0.003 0.011 0.961 0.003 0.006 0.005 
 66 UHA-0082    (0)   :  0.002 0.002 0.003 0.002 0.002 0.976 0.002 0.002 0.002 0.007 
 67 UHA-0083    (0)   :  0.003 0.002 0.005 0.002 0.002 0.974 0.003 0.003 0.003 0.004 
 68 UHA-0084    (0)   :  0.003 0.002 0.006 0.002 0.002 0.969 0.003 0.003 0.002 0.008 
 69 UHA-0085    (0)   :  0.003 0.002 0.008 0.002 0.002 0.970 0.002 0.003 0.002 0.006 
 70 UHA-0086    (0)   :  0.003 0.002 0.005 0.002 0.002 0.974 0.002 0.003 0.002 0.005 
 71 UHA-0087    (0)   :  0.003 0.002 0.007 0.002 0.002 0.974 0.002 0.003 0.003 0.003 
 72 UHA-0088    (0)   :  0.003 0.002 0.008 0.002 0.002 0.968 0.003 0.003 0.003 0.005 
 73 UHA-0091    (0)   :  0.003 0.002 0.005 0.002 0.002 0.974 0.003 0.003 0.002 0.004 
 74 UHA-0113    (0)   :  0.003 0.002 0.005 0.002 0.002 0.004 0.002 0.002 0.002 0.977 
 75 UHA-0114    (7)   :  0.002 0.002 0.003 0.002 0.002 0.004 0.002 0.002 0.002 0.980 
 76 UHA-0115    (7)   :  0.004 0.003 0.314 0.005 0.003 0.010 0.017 0.006 0.003 0.636 
 77 UHA-0116    (0)   :  0.002 0.002 0.003 0.003 0.002 0.005 0.002 0.002 0.002 0.976 
 78 UHA-0118    (0)   :  0.002 0.002 0.003 0.002 0.002 0.006 0.002 0.002 0.002 0.978 
 79 UHA-0119    (0)   :  0.002 0.002 0.004 0.002 0.002 0.004 0.004 0.002 0.002 0.975 
 80 UHA-0120    (0)   :  0.002 0.002 0.002 0.002 0.003 0.005 0.002 0.002 0.002 0.977 
 81 UHA-0121    (0)   :  0.002 0.002 0.003 0.002 0.002 0.004 0.002 0.002 0.002 0.981 
 82 UHA-0122    (0)   :  0.002 0.002 0.003 0.002 0.002 0.003 0.003 0.002 0.002 0.978 
 83 UHA-0123    (0)   :  0.002 0.002 0.004 0.002 0.003 0.907 0.002 0.002 0.002 0.074 
 84 UHA-0124    (7)   :  0.003 0.002 0.005 0.004 0.003 0.151 0.003 0.003 0.002 0.823 
 85 UHA-0125    (0)   :  0.024 0.006 0.064 0.010 0.009 0.601 0.005 0.019 0.012 0.251 
 86 UHA-0128    (7)   :  0.003 0.002 0.006 0.003 0.003 0.968 0.006 0.003 0.002 0.004 
 87 UHA-0129    (7)   :  0.002 0.002 0.005 0.002 0.003 0.971 0.006 0.002 0.002 0.005 
 88 UHA-0130    (0)   :  0.002 0.002 0.003 0.002 0.003 0.976 0.002 0.003 0.002 0.005 
 89 UHA-0131    (0)   :  0.035 0.010 0.016 0.018 0.013 0.867 0.007 0.006 0.013 0.016 
 90 UHA-0132    (0)   :  0.031 0.013 0.007 0.005 0.008 0.797 0.011 0.003 0.006 0.117 
 91 UHA-0133    (7)   :  0.003 0.002 0.005 0.003 0.003 0.941 0.005 0.003 0.003 0.030 
 92 UHA-0134    (7)   :  0.002 0.002 0.004 0.003 0.002 0.974 0.002 0.003 0.002 0.006 
 93 UHA-0136    (0)   :  0.002 0.002 0.004 0.002 0.002 0.975 0.005 0.002 0.002 0.004 
 94 UHA-0137    (0)   :  0.002 0.002 0.003 0.002 0.002 0.979 0.002 0.002 0.002 0.004 
 95 UHA-0138    (0)   :  0.007 0.015 0.055 0.760 0.011 0.070 0.019 0.007 0.009 0.046 
 96 UHA-0139    (0)   :  0.003 0.002 0.004 0.008 0.004 0.111 0.003 0.003 0.003 0.858 
 97 UHA-0140    (0)   :  0.005 0.019 0.014 0.007 0.028 0.459 0.009 0.006 0.008 0.446 
 98 UHA-0141    (0)   :  0.004 0.004 0.007 0.007 0.004 0.109 0.009 0.007 0.003 0.846 
 99 UHA-0143    (0)   :  0.002 0.002 0.005 0.002 0.002 0.956 0.006 0.002 0.002 0.020 
100 UHA-0144    (0)   :  0.002 0.002 0.004 0.002 0.003 0.971 0.005 0.002 0.003 0.005 
101 UHA-0146    (7)   :  0.002 0.002 0.004 0.002 0.003 0.958 0.005 0.009 0.002 0.013 
102 UHA-0147    (7)   :  0.003 0.002 0.004 0.003 0.004 0.938 0.003 0.003 0.003 0.037 
103 UHA-0150    (0)   :  0.004 0.003 0.282 0.006 0.004 0.683 0.004 0.005 0.003 0.006 
104 UHA-0162    (7)   :  0.269 0.027 0.475 0.010 0.013 0.170 0.009 0.013 0.006 0.008 
105 UHA-0163    (0)   :  0.003 0.003 0.566 0.005 0.006 0.292 0.004 0.003 0.003 0.115 
106 UHA-0164   (15)   :  0.003 0.003 0.014 0.004 0.004 0.950 0.004 0.004 0.004 0.011 
107 UHA-0165    (0)   :  0.002 0.002 0.004 0.002 0.002 0.975 0.002 0.002 0.002 0.007 
108 UHA-0167   (23)   :  0.006 0.005 0.008 0.010 0.007 0.170 0.004 0.008 0.010 0.772 
109 UHA-0148    (0)   :  0.009 0.005 0.395 0.023 0.023 0.295 0.032 0.003 0.210 0.005 
110 UHA-0151    (0)   :  0.006 0.004 0.438 0.008 0.008 0.400 0.006 0.007 0.007 0.116 
111 UHA-0152    (0)   :  0.003 0.002 0.359 0.002 0.002 0.331 0.003 0.002 0.002 0.294 
112 UHA-0153    (0)   :  0.002 0.002 0.387 0.002 0.002 0.292 0.003 0.002 0.002 0.306 
113 UHA-0154    (0)   :  0.003 0.002 0.536 0.002 0.004 0.319 0.002 0.002 0.002 0.127 
114 UHA-0155    (0)   :  0.005 0.004 0.357 0.002 0.004 0.249 0.006 0.006 0.003 0.364 
115 UHA-0156    (0)   :  0.011 0.175 0.445 0.006 0.047 0.284 0.012 0.007 0.005 0.009 
116 UHA-0157    (7)   :  0.003 0.002 0.567 0.002 0.003 0.272 0.004 0.003 0.002 0.142 
117 UHA-0158    (0)   :  0.030 0.006 0.357 0.006 0.007 0.498 0.024 0.007 0.003 0.061 
118 UHA-0159    (0)   :  0.004 0.004 0.199 0.010 0.005 0.107 0.006 0.011 0.003 0.652 
119 UHA-0160    (0)   :  0.004 0.006 0.313 0.003 0.003 0.216 0.008 0.004 0.002 0.443 
120 UHA-0161    (0)   :  0.003 0.003 0.371 0.003 0.002 0.360 0.003 0.003 0.002 0.250 
121 UHA-0426    (0)   :  0.007 0.003 0.008 0.004 0.013 0.920 0.004 0.030 0.003 0.009 
122 UHA-0427    (0)   :  0.002 0.002 0.004 0.003 0.003 0.526 0.003 0.002 0.002 0.453 
123 UHA-0428    (0)   :  0.002 0.002 0.004 0.002 0.002 0.979 0.002 0.002 0.002 0.003 
124 UHA-0429    (0)   :  0.008 0.005 0.594 0.008 0.005 0.151 0.020 0.018 0.003 0.188 
125 UHA-0430    (0)   :  0.002 0.002 0.380 0.002 0.002 0.290 0.003 0.002 0.002 0.314 
126 UHA-0431    (0)   :  0.003 0.003 0.353 0.004 0.004 0.226 0.004 0.002 0.003 0.399 
127 UHA-0432    (7)   :  0.006 0.004 0.583 0.008 0.008 0.271 0.009 0.036 0.003 0.072 
128 UHA-0433    (0)   :  0.003 0.002 0.565 0.002 0.002 0.235 0.003 0.003 0.002 0.184 
129 UHA-0434    (0)   :  0.004 0.004 0.270 0.006 0.005 0.674 0.006 0.008 0.018 0.004 
130 UHA-0435    (0)   :  0.029 0.003 0.025 0.006 0.003 0.847 0.019 0.004 0.003 0.060 
131 UHA-0436    (0)   :  0.002 0.002 0.003 0.002 0.003 0.976 0.002 0.003 0.002 0.005 
132 UHA-0437    (0)   :  0.002 0.002 0.006 0.002 0.002 0.866 0.002 0.002 0.002 0.114 
133 UHA-0438    (0)   :  0.003 0.003 0.005 0.002 0.003 0.937 0.018 0.010 0.003 0.016 
134 UHA-0439    (0)   :  0.002 0.002 0.028 0.002 0.002 0.113 0.003 0.003 0.002 0.843 
135 UHA-0440    (0)   :  0.002 0.002 0.003 0.002 0.002 0.006 0.003 0.002 0.002 0.975 
136 UHA-0441    (0)   :  0.002 0.002 0.004 0.002 0.002 0.009 0.002 0.002 0.002 0.975 
137 UHA-0442    (0)   :  0.002 0.002 0.003 0.002 0.002 0.007 0.002 0.002 0.002 0.976 
138 UHA-0443    (0)   :  0.002 0.002 0.003 0.002 0.002 0.004 0.004 0.002 0.002 0.978 
139 UHA-0444    (0)   :  0.002 0.002 0.003 0.002 0.002 0.005 0.002 0.002 0.002 0.977 
140 UHA-0445    (0)   :  0.002 0.002 0.005 0.002 0.002 0.004 0.002 0.002 0.002 0.978 
141 UHA-0446    (0)   :  0.006 0.003 0.024 0.012 0.019 0.107 0.005 0.036 0.002 0.785 
142 UHA-0447    (0)   :  0.002 0.002 0.004 0.002 0.002 0.003 0.003 0.002 0.002 0.978 
143 UHA-0448    (0)   :  0.002 0.002 0.003 0.002 0.002 0.005 0.002 0.002 0.002 0.979 
144 UHA-0449    (0)   :  0.002 0.002 0.003 0.002 0.002 0.003 0.004 0.002 0.002 0.979 
145 UHA-0450    (0)   :  0.002 0.003 0.003 0.002 0.002 0.004 0.003 0.002 0.003 0.976 
146 UHA-0451    (0)   :  0.002 0.002 0.003 0.002 0.002 0.004 0.002 0.002 0.002 0.977 
147 UHA-0452    (0)   :  0.002 0.002 0.004 0.002 0.002 0.002 0.004 0.002 0.002 0.978 
148 UHA-0453    (0)   :  0.002 0.002 0.003 0.002 0.002 0.005 0.002 0.002 0.002 0.976 
149 UHA-0454    (0)   :  0.002 0.002 0.003 0.002 0.002 0.003 0.003 0.002 0.002 0.979 
150 UHA-0455    (0)   :  0.002 0.002 0.004 0.002 0.002 0.003 0.002 0.002 0.002 0.981 
151 UHA-0456    (0)   :  0.002 0.002 0.004 0.002 0.002 0.004 0.002 0.002 0.002 0.978 
152 UHA-0457    (0)   :  0.006 0.005 0.053 0.004 0.004 0.003 0.012 0.004 0.002 0.908 
153 UHA-0458    (0)   :  0.003 0.003 0.158 0.004 0.003 0.003 0.004 0.005 0.002 0.816 
154 UHA-0459    (0)   :  0.003 0.004 0.041 0.002 0.004 0.012 0.008 0.005 0.002 0.920 
155 UHA-0460    (0)   :  0.002 0.002 0.003 0.002 0.002 0.004 0.003 0.002 0.002 0.979 
156 UHA-0001    (0)   :  0.011 0.002 0.003 0.006 0.003 0.002 0.964 0.002 0.003 0.003 
157 UHA-0002    (0)   :  0.158 0.018 0.020 0.049 0.018 0.005 0.689 0.037 0.004 0.004 
158 UHA-0003    (0)   :  0.051 0.005 0.014 0.008 0.011 0.004 0.823 0.030 0.005 0.051 
159 UHA-0004    (7)   :  0.005 0.003 0.003 0.004 0.006 0.002 0.002 0.008 0.961 0.006 
160 UHA-0005    (0)   :  0.006 0.005 0.013 0.009 0.006 0.003 0.012 0.004 0.937 0.005 
161 UHA-0006    (0)   :  0.063 0.005 0.016 0.021 0.008 0.005 0.003 0.015 0.857 0.006 
162 UHA-0007    (0)   :  0.445 0.005 0.059 0.305 0.072 0.004 0.020 0.081 0.004 0.004 
163 UHA-0008    (0)   :  0.008 0.003 0.010 0.944 0.012 0.006 0.004 0.005 0.004 0.004 
164 UHA-0009    (0)   :  0.003 0.005 0.005 0.004 0.002 0.927 0.031 0.003 0.002 0.016 
165 UHA-0010    (7)   :  0.003 0.002 0.003 0.003 0.003 0.950 0.003 0.003 0.003 0.028 
166 UHA-0011    (0)   :  0.002 0.002 0.004 0.002 0.002 0.978 0.002 0.002 0.002 0.005 
167 UHA-0012    (0)   :  0.003 0.003 0.568 0.003 0.002 0.410 0.003 0.003 0.002 0.004 
168 UHA-0013    (0)   :  0.005 0.003 0.021 0.004 0.007 0.943 0.003 0.005 0.003 0.008 
169 UHA-0014    (0)   :  0.002 0.002 0.003 0.002 0.002 0.978 0.002 0.002 0.002 0.003 
170 UHA-0015    (0)   :  0.003 0.005 0.006 0.003 0.002 0.848 0.118 0.002 0.002 0.010 
171 UHA-0016   (15)   :  0.003 0.002 0.007 0.003 0.003 0.968 0.003 0.003 0.003 0.006 
172 UHA-0017    (7)   :  0.870 0.011 0.010 0.005 0.006 0.005 0.004 0.071 0.015 0.004 
173 UHA-0018    (7)   :  0.796 0.004 0.005 0.049 0.064 0.003 0.002 0.070 0.005 0.002 
174 UHA-0183    (7)   :  0.003 0.003 0.003 0.003 0.002 0.002 0.975 0.003 0.003 0.003 
175 UHA-0184    (0)   :  0.002 0.008 0.003 0.003 0.002 0.003 0.971 0.003 0.002 0.002 
176 UHA-0186    (0)   :  0.005 0.003 0.068 0.005 0.004 0.010 0.884 0.016 0.003 0.002 
177 UHA-0187    (0)   :  0.007 0.003 0.007 0.005 0.004 0.006 0.947 0.006 0.012 0.002 
178 UHA-0188    (0)   :  0.004 0.003 0.004 0.003 0.003 0.005 0.961 0.003 0.005 0.010 
179 UHA-0191    (0)   :  0.003 0.005 0.004 0.002 0.003 0.003 0.973 0.003 0.002 0.002 
180 UHA-0193    (7)   :  0.010 0.007 0.004 0.010 0.010 0.007 0.003 0.007 0.939 0.003 
181 UHA-0194   (15)   :  0.012 0.095 0.019 0.009 0.014 0.002 0.008 0.013 0.816 0.013 
182 UHA-0195   (23)   :  0.009 0.004 0.004 0.026 0.008 0.002 0.005 0.005 0.934 0.002 
183 UHA-0196    (7)   :  0.009 0.278 0.038 0.004 0.009 0.003 0.027 0.004 0.622 0.007 
184 UHA-0197   (15)   :  0.003 0.003 0.004 0.003 0.003 0.003 0.003 0.003 0.967 0.006 
185 UHA-0198    (7)   :  0.019 0.014 0.005 0.158 0.056 0.003 0.004 0.015 0.723 0.003 
186 UHA-0202    (7)   :  0.025 0.139 0.090 0.153 0.047 0.011 0.008 0.019 0.501 0.006 
187 UHA-0205    (7)   :  0.005 0.004 0.005 0.009 0.005 0.003 0.004 0.006 0.956 0.003 
188 UHA-0207    (7)   :  0.005 0.003 0.003 0.004 0.006 0.002 0.002 0.008 0.961 0.006 
189 UHA-0208    (7)   :  0.349 0.009 0.020 0.019 0.011 0.005 0.005 0.062 0.514 0.005 
190 UHA-0210    (7)   :  0.025 0.030 0.119 0.026 0.018 0.143 0.009 0.155 0.068 0.406 
191 UHA-0211    (7)   :  0.003 0.966 0.003 0.003 0.003 0.003 0.009 0.004 0.005 0.002 
192 UHA-0212   (15)   :  0.003 0.969 0.003 0.003 0.002 0.002 0.008 0.003 0.006 0.002 
193 UHA-0213    (0)   :  0.004 0.343 0.005 0.004 0.004 0.004 0.608 0.003 0.023 0.002 
194 UHA-0214    (0)   :  0.003 0.557 0.005 0.003 0.002 0.002 0.419 0.003 0.005 0.002 
195 UHA-0215    (0)   :  0.231 0.007 0.019 0.016 0.015 0.006 0.591 0.027 0.069 0.019 
196 UHA-0216   (15)   :  0.123 0.014 0.011 0.043 0.049 0.004 0.623 0.092 0.038 0.003 
197 UHA-0217    (0)   :  0.031 0.029 0.029 0.029 0.042 0.021 0.772 0.010 0.026 0.011 
198 UHA-0218    (0)   :  0.048 0.010 0.024 0.023 0.190 0.003 0.662 0.024 0.007 0.009 
199 UHA-0219   (15)   :  0.328 0.010 0.019 0.056 0.011 0.007 0.125 0.396 0.044 0.004 
200 UHA-0220    (0)   :  0.303 0.019 0.139 0.024 0.136 0.004 0.318 0.043 0.007 0.008 
201 UHA-0221    (0)   :  0.023 0.006 0.006 0.008 0.005 0.004 0.005 0.006 0.936 0.002 
202 UHA-0222    (7)   :  0.011 0.005 0.005 0.005 0.004 0.004 0.004 0.006 0.954 0.002 
203 UHA-0223    (0)   :  0.753 0.005 0.007 0.015 0.017 0.003 0.011 0.009 0.175 0.005 
204 UHA-0224    (0)   :  0.002 0.002 0.005 0.003 0.002 0.972 0.003 0.003 0.003 0.005 
205 UHA-0225    (0)   :  0.697 0.029 0.012 0.006 0.005 0.005 0.074 0.137 0.023 0.011 
206 UHA-0226    (0)   :  0.342 0.007 0.012 0.010 0.009 0.005 0.013 0.422 0.176 0.004 
207 UHA-0227    (0)   :  0.818 0.003 0.006 0.015 0.015 0.085 0.003 0.016 0.004 0.034 
208 UHA-0228    (0)   :  0.958 0.002 0.003 0.012 0.006 0.003 0.002 0.008 0.002 0.002 
209 UHA-0229    (7)   :  0.869 0.011 0.010 0.005 0.006 0.005 0.004 0.071 0.016 0.004 
210 UHA-0230    (7)   :  0.128 0.061 0.109 0.210 0.078 0.019 0.187 0.113 0.080 0.015 
211 UHA-0231    (0)   :  0.031 0.005 0.024 0.889 0.008 0.005 0.007 0.025 0.003 0.003 
212 UHA-0232    (0)   :  0.728 0.007 0.086 0.013 0.051 0.004 0.012 0.067 0.028 0.003 
213 UHA-0233    (7)   :  0.202 0.010 0.125 0.361 0.017 0.005 0.041 0.079 0.156 0.004 
214 UHA-0238    (7)   :  0.070 0.006 0.055 0.017 0.038 0.009 0.025 0.726 0.049 0.004 
215 UHA-0239    (0)   :  0.040 0.010 0.129 0.070 0.206 0.086 0.009 0.432 0.006 0.011 
216 UHA-0240    (0)   :  0.111 0.007 0.018 0.010 0.100 0.003 0.003 0.742 0.004 0.002 
217 UHA-0241    (0)   :  0.036 0.003 0.004 0.741 0.007 0.004 0.002 0.197 0.004 0.002 
218 UHA-0242    (0)   :  0.058 0.004 0.005 0.583 0.023 0.003 0.002 0.314 0.006 0.002 
219 UHA-0243    (7)   :  0.012 0.003 0.003 0.126 0.826 0.002 0.002 0.020 0.005 0.002 
220 UHA-0244    (0)   :  0.103 0.006 0.012 0.710 0.095 0.009 0.024 0.025 0.011 0.006 
221 UHA-0245    (7)   :  0.884 0.015 0.010 0.007 0.006 0.004 0.051 0.013 0.006 0.004 
222 UHA-0246    (7)   :  0.210 0.006 0.010 0.712 0.008 0.004 0.004 0.037 0.006 0.003 
223 UHA-0247    (7)   :  0.007 0.006 0.007 0.048 0.830 0.007 0.006 0.073 0.011 0.005 
224 UHA-0248    (0)   :  0.007 0.322 0.389 0.005 0.003 0.052 0.078 0.010 0.009 0.125 
225 UHA-0249    (7)   :  0.016 0.378 0.392 0.008 0.004 0.040 0.035 0.018 0.089 0.019 
226 UHA-0251    (0)   :  0.006 0.899 0.011 0.008 0.005 0.004 0.021 0.008 0.034 0.004 
227 UHA-0252    (7)   :  0.017 0.802 0.015 0.004 0.005 0.010 0.003 0.006 0.121 0.016 
228 UHA-0254    (7)   :  0.052 0.882 0.004 0.032 0.006 0.003 0.005 0.007 0.005 0.003 
229 UHA-0255    (7)   :  0.015 0.600 0.244 0.007 0.007 0.012 0.004 0.015 0.093 0.005 
230 UHA-0256   (15)   :  0.096 0.025 0.092 0.009 0.009 0.713 0.027 0.014 0.003 0.012 
231 UHA-0257    (0)   :  0.003 0.002 0.003 0.002 0.002 0.003 0.003 0.002 0.002 0.978 
232 UHA-0258    (7)   :  0.012 0.004 0.531 0.007 0.005 0.041 0.024 0.008 0.002 0.366 
233 UHA-0259    (7)   :  0.012 0.005 0.012 0.004 0.030 0.880 0.031 0.012 0.004 0.009 
234 UHA-0260    (0)   :  0.002 0.002 0.003 0.002 0.002 0.004 0.002 0.002 0.002 0.981 
235 UHA-0261    (0)   :  0.003 0.002 0.004 0.004 0.003 0.011 0.003 0.003 0.003 0.965 
236 UHA-0262    (0)   :  0.003 0.002 0.005 0.002 0.002 0.973 0.004 0.003 0.003 0.003 
237 UHA-0263    (0)   :  0.002 0.002 0.004 0.002 0.002 0.977 0.002 0.002 0.002 0.004 
238 UHA-0264    (0)   :  0.006 0.002 0.058 0.011 0.003 0.905 0.004 0.004 0.003 0.005 
239 UHA-0265    (0)   :  0.003 0.002 0.003 0.004 0.002 0.975 0.002 0.004 0.002 0.003 
240 UHA-0266    (7)   :  0.003 0.002 0.005 0.003 0.002 0.972 0.002 0.003 0.002 0.007 
241 UHA-0267    (0)   :  0.002 0.002 0.003 0.002 0.002 0.980 0.002 0.002 0.002 0.003 
242 UHA-0273    (7)   :  0.009 0.109 0.101 0.005 0.010 0.020 0.012 0.010 0.689 0.036 
243 UHA-0282    (0)   :  0.315 0.003 0.005 0.541 0.094 0.002 0.004 0.024 0.007 0.004 
244 UHA-0283    (7)   :  0.004 0.005 0.004 0.003 0.003 0.004 0.968 0.005 0.003 0.002 
245 UHA-0284    (0)   :  0.872 0.003 0.010 0.017 0.019 0.005 0.004 0.047 0.018 0.005 
246 UHA-0285    (0)   :  0.002 0.003 0.003 0.003 0.002 0.002 0.978 0.002 0.004 0.002 
247 UHA-0286    (0)   :  0.014 0.033 0.026 0.072 0.176 0.003 0.662 0.005 0.003 0.007 
248 UHA-0287   (23)   :  0.004 0.008 0.005 0.003 0.003 0.002 0.962 0.004 0.006 0.002 
249 UHA-0288    (7)   :  0.544 0.008 0.225 0.014 0.024 0.017 0.005 0.148 0.004 0.010 
250 UHA-0289    (7)   :  0.014 0.020 0.003 0.812 0.031 0.003 0.005 0.108 0.003 0.002 
251 UHA-0294    (7)   :  0.011 0.005 0.014 0.922 0.011 0.006 0.006 0.010 0.012 0.004 
252 UHA-0295   (15)   :  0.089 0.005 0.019 0.487 0.311 0.009 0.013 0.012 0.047 0.007 
253 UHA-0299    (0)   :  0.013 0.003 0.003 0.334 0.599 0.006 0.003 0.030 0.003 0.005 
254 UHA-0300    (0)   :  0.005 0.019 0.018 0.003 0.003 0.002 0.925 0.006 0.017 0.002 
255 UHA-0301    (0)   :  0.004 0.002 0.002 0.005 0.003 0.003 0.002 0.975 0.002 0.002 
256 UHA-0302    (7)   :  0.736 0.003 0.004 0.006 0.009 0.006 0.003 0.225 0.005 0.002 
257 UHA-0303    (0)   :  0.036 0.004 0.147 0.028 0.009 0.006 0.009 0.747 0.009 0.004 
258 UHA-0304    (0)   :  0.803 0.017 0.016 0.008 0.112 0.004 0.011 0.021 0.003 0.006 
259 UHA-0305    (7)   :  0.008 0.004 0.006 0.009 0.004 0.002 0.002 0.959 0.003 0.002 
260 UHA-0306   (15)   :  0.101 0.008 0.014 0.053 0.017 0.004 0.002 0.784 0.008 0.008 
261 UHA-0307    (0)   :  0.005 0.003 0.006 0.007 0.960 0.003 0.003 0.006 0.003 0.005 
262 UHA-0308   (15)   :  0.008 0.003 0.003 0.005 0.007 0.003 0.004 0.958 0.007 0.002 
263 UHA-0309    (0)   :  0.014 0.008 0.004 0.006 0.951 0.002 0.005 0.005 0.004 0.002 
264 UHA-0310    (0)   :  0.018 0.006 0.008 0.071 0.857 0.002 0.002 0.022 0.010 0.003 
265 UHA-0311    (0)   :  0.003 0.003 0.003 0.014 0.003 0.002 0.962 0.002 0.005 0.002 
266 UHA-0312    (7)   :  0.015 0.004 0.004 0.005 0.055 0.003 0.010 0.894 0.006 0.004 
267 UHA-0313    (0)   :  0.033 0.007 0.008 0.014 0.133 0.002 0.014 0.781 0.004 0.004 
268 UHA-0314   (23)   :  0.004 0.007 0.006 0.006 0.004 0.007 0.951 0.003 0.004 0.009 
269 UHA-0316    (0)   :  0.030 0.006 0.014 0.075 0.834 0.007 0.005 0.011 0.007 0.012 
270 UHA-0317    (7)   :  0.036 0.011 0.009 0.682 0.148 0.007 0.018 0.005 0.007 0.076 
271 UHA-0318    (7)   :  0.493 0.005 0.005 0.016 0.422 0.004 0.003 0.044 0.006 0.003 
272 UHA-0319    (0)   :  0.003 0.003 0.002 0.004 0.005 0.002 0.972 0.002 0.005 0.002 
273 UHA-0320    (0)   :  0.003 0.004 0.004 0.005 0.003 0.066 0.902 0.004 0.004 0.004 
274 UHA-0321    (7)   :  0.107 0.011 0.004 0.006 0.008 0.004 0.003 0.849 0.005 0.003 
275 UHA-0322    (0)   :  0.010 0.005 0.003 0.005 0.932 0.009 0.009 0.012 0.012 0.004 
276 UHA-0323    (0)   :  0.007 0.007 0.012 0.013 0.006 0.003 0.915 0.011 0.022 0.003 
277 UHA-0324    (7)   :  0.004 0.004 0.016 0.005 0.005 0.012 0.944 0.003 0.003 0.004 
278 UHA-0325    (0)   :  0.005 0.005 0.004 0.003 0.003 0.002 0.964 0.002 0.004 0.007 
279 UHA-0326    (0)   :  0.007 0.003 0.014 0.009 0.010 0.003 0.941 0.008 0.003 0.002 
280 UHA-0327    (7)   :  0.003 0.003 0.004 0.004 0.005 0.003 0.968 0.003 0.003 0.003 
281 UHA-0329    (0)   :  0.299 0.034 0.020 0.028 0.131 0.003 0.006 0.454 0.024 0.002 
282 UHA-0330    (0)   :  0.722 0.011 0.079 0.046 0.023 0.002 0.005 0.103 0.005 0.003 
283 UHA-0331   (23)   :  0.005 0.008 0.006 0.004 0.005 0.006 0.954 0.003 0.004 0.005 
284 UHA-0332    (0)   :  0.007 0.003 0.003 0.931 0.035 0.004 0.002 0.006 0.006 0.003 
285 UHA-0333    (0)   :  0.004 0.004 0.005 0.003 0.004 0.002 0.971 0.003 0.003 0.002 
286 UHA-0334    (0)   :  0.010 0.007 0.012 0.004 0.003 0.002 0.948 0.004 0.004 0.005 
287 UHA-0335   (15)   :  0.712 0.006 0.023 0.018 0.025 0.003 0.003 0.199 0.007 0.002 
288 UHA-0337    (0)   :  0.279 0.004 0.015 0.012 0.619 0.005 0.004 0.028 0.029 0.004 
289 UHA-0338    (7)   :  0.013 0.041 0.055 0.010 0.026 0.005 0.833 0.007 0.005 0.006 
290 UHA-0339    (0)   :  0.056 0.007 0.008 0.004 0.004 0.002 0.888 0.021 0.007 0.003 
291 UHA-0340    (0)   :  0.346 0.036 0.204 0.205 0.048 0.006 0.006 0.062 0.078 0.009 
292 UHA-0343    (0)   :  0.014 0.034 0.026 0.069 0.175 0.003 0.664 0.005 0.003 0.007 
293 UHA-0345    (0)   :  0.007 0.007 0.008 0.896 0.010 0.013 0.002 0.051 0.003 0.002 
294 UHA-0346    (7)   :  0.173 0.012 0.035 0.636 0.051 0.002 0.019 0.059 0.009 0.003 
295 UHA-0347    (7)   :  0.218 0.005 0.129 0.119 0.299 0.019 0.003 0.197 0.008 0.003 
296 UHA-0348    (0)   :  0.015 0.003 0.006 0.015 0.931 0.003 0.003 0.005 0.015 0.003 
297 UHA-0349   (23)   :  0.007 0.005 0.012 0.374 0.507 0.005 0.004 0.076 0.006 0.006 
298 UHA-0350    (0)   :  0.003 0.003 0.004 0.004 0.003 0.003 0.971 0.004 0.002 0.002 
299 UHA-0354    (0)   :  0.025 0.039 0.198 0.032 0.486 0.005 0.015 0.047 0.150 0.004 
300 UHA-0352    (7)   :  0.151 0.003 0.007 0.748 0.064 0.003 0.004 0.012 0.007 0.002 
301 UHA-0353    (7)   :  0.067 0.014 0.008 0.102 0.525 0.004 0.006 0.252 0.020 0.002 
302 UHA-0172    (0)   :  0.005 0.003 0.002 0.007 0.007 0.002 0.003 0.004 0.967 0.001 
303 UHA-0174    (0)   :  0.032 0.032 0.021 0.160 0.522 0.007 0.012 0.021 0.186 0.008 
304 UHA-0175    (0)   :  0.058 0.006 0.031 0.451 0.073 0.010 0.003 0.350 0.011 0.007 
305 UHA-0176    (0)   :  0.004 0.003 0.003 0.002 0.002 0.011 0.962 0.003 0.005 0.005 
306 UHA-0177    (7)   :  0.545 0.014 0.282 0.028 0.076 0.006 0.006 0.027 0.006 0.010 
307 UHA-0178    (0)   :  0.004 0.003 0.004 0.002 0.004 0.012 0.957 0.005 0.008 0.003 
308 UHA-0179    (7)   :  0.013 0.154 0.012 0.010 0.008 0.004 0.025 0.019 0.752 0.003 
309 UHA-0189    (0)   :  0.004 0.003 0.005 0.003 0.004 0.006 0.960 0.003 0.004 0.009 
310 UHA-0190    (0)   :  0.003 0.005 0.003 0.003 0.003 0.003 0.968 0.003 0.005 0.004 
311 UHA-0199    (7)   :  0.010 0.015 0.006 0.008 0.009 0.005 0.008 0.011 0.924 0.004 
312 UHA-0276    (0)   :  0.003 0.970 0.004 0.003 0.004 0.002 0.005 0.003 0.004 0.002 
313 UHA-0277    (7)   :  0.004 0.928 0.003 0.007 0.005 0.003 0.038 0.006 0.003 0.002 
314 UHA-0203    (7)   :  0.003 0.003 0.002 0.002 0.002 0.002 0.003 0.003 0.978 0.002 
315 UHA-0204    (0)   :  0.005 0.003 0.004 0.003 0.006 0.005 0.004 0.004 0.963 0.002 
316 UHA-0234    (0)   :  0.291 0.005 0.006 0.351 0.268 0.003 0.008 0.047 0.018 0.003 
317 UHA-0235    (0)   :  0.010 0.006 0.008 0.881 0.034 0.004 0.004 0.015 0.034 0.004 
318 UHA-0236    (0)   :  0.073 0.030 0.075 0.020 0.090 0.011 0.093 0.029 0.575 0.003 
319 UHA-0268    (0)   :  0.031 0.065 0.089 0.029 0.013 0.386 0.004 0.054 0.004 0.327 
320 UHA-0269    (0)   :  0.010 0.523 0.323 0.005 0.015 0.081 0.007 0.006 0.004 0.027 
321 UHA-0270    (7)   :  0.187 0.041 0.265 0.018 0.106 0.078 0.221 0.031 0.007 0.045 
322 UHA-0271    (0)   :  0.070 0.013 0.068 0.016 0.008 0.303 0.367 0.015 0.024 0.116 
323 UHA-0272    (0)   :  0.189 0.008 0.091 0.006 0.127 0.011 0.012 0.015 0.034 0.509 
324 UHA-0355    (7)   :  0.414 0.021 0.074 0.125 0.225 0.002 0.003 0.116 0.018 0.003 
325 UHA-0356    (0)   :  0.007 0.005 0.016 0.032 0.844 0.057 0.003 0.008 0.006 0.021 
326 UHA-0357    (0)   :  0.812 0.008 0.007 0.009 0.122 0.002 0.009 0.022 0.004 0.004 
327 UHA-0358    (0)   :  0.662 0.005 0.040 0.061 0.036 0.013 0.003 0.169 0.008 0.003 
328 UHA-0359    (0)   :  0.018 0.025 0.010 0.045 0.812 0.013 0.030 0.033 0.010 0.004 
329 UHA-0361   (23)   :  0.016 0.006 0.005 0.061 0.876 0.003 0.007 0.007 0.007 0.012 
330 UHA-0362    (0)   :  0.014 0.003 0.027 0.434 0.306 0.006 0.008 0.184 0.006 0.011 
331 UHA-0363   (15)   :  0.320 0.004 0.024 0.046 0.457 0.006 0.006 0.104 0.025 0.007 
332 UHA-0379    (0)   :  0.002 0.003 0.025 0.002 0.003 0.060 0.868 0.002 0.003 0.031 
333 UHA-0365    (0)   :  0.008 0.002 0.003 0.005 0.964 0.002 0.003 0.006 0.004 0.003 
334 UHA-0366    (0)   :  0.024 0.017 0.048 0.008 0.834 0.016 0.005 0.028 0.010 0.010 
335 UHA-0367    (0)   :  0.022 0.007 0.006 0.008 0.006 0.005 0.928 0.006 0.007 0.004 
336 UHA-0368    (0)   :  0.003 0.007 0.003 0.003 0.003 0.002 0.968 0.003 0.005 0.004 
337 UHA-0369    (0)   :  0.002 0.002 0.003 0.002 0.002 0.003 0.979 0.002 0.002 0.002 
338 UHA-0370    (7)   :  0.008 0.006 0.004 0.005 0.009 0.003 0.947 0.004 0.011 0.003 
339 UHA-0371    (7)   :  0.004 0.006 0.038 0.005 0.005 0.006 0.866 0.011 0.003 0.056 
340 UHA-0372    (7)   :  0.028 0.004 0.012 0.013 0.896 0.013 0.004 0.008 0.016 0.006 
341 UHA-0373   (15)   :  0.006 0.010 0.008 0.924 0.011 0.002 0.003 0.031 0.003 0.002 
342 UHA-0374    (0)   :  0.043 0.097 0.074 0.113 0.332 0.004 0.005 0.255 0.075 0.002 
343 UHA-0375    (0)   :  0.006 0.005 0.004 0.953 0.008 0.004 0.004 0.006 0.007 0.004 
344 UHA-0376    (0)   :  0.018 0.003 0.024 0.095 0.025 0.004 0.003 0.807 0.019 0.002 
345 UHA-0377    (0)   :  0.003 0.004 0.003 0.003 0.003 0.002 0.975 0.002 0.003 0.002 
346 UHA-0378    (0)   :  0.002 0.003 0.004 0.004 0.003 0.004 0.970 0.004 0.003 0.004 
347 UHA-0380    (7)   :  0.012 0.010 0.014 0.006 0.008 0.009 0.917 0.017 0.004 0.004 
348 UHA-0381    (0)   :  0.007 0.009 0.012 0.004 0.004 0.003 0.952 0.004 0.004 0.002 
349 UHA-0382    (0)   :  0.003 0.006 0.003 0.003 0.003 0.002 0.966 0.003 0.009 0.003 
350 UHA-0383   (15)   :  0.011 0.016 0.015 0.004 0.006 0.003 0.871 0.007 0.060 0.008 
351 UHA-0384    (7)   :  0.010 0.005 0.007 0.011 0.007 0.003 0.942 0.010 0.002 0.002 
352 UHA-0385    (0)   :  0.021 0.003 0.003 0.004 0.004 0.002 0.952 0.005 0.004 0.002 
353 UHA-0386    (7)   :  0.003 0.003 0.002 0.002 0.002 0.002 0.979 0.002 0.002 0.002 
354 UHA-0387    (0)   :  0.008 0.003 0.003 0.004 0.008 0.002 0.964 0.005 0.002 0.002 
355 UHA-0388    (0)   :  0.003 0.002 0.004 0.003 0.007 0.006 0.961 0.007 0.002 0.004 
356 UHA-0389    (7)   :  0.007 0.003 0.003 0.011 0.005 0.003 0.955 0.005 0.006 0.003 
357 UHA-0390    (0)   :  0.003 0.002 0.003 0.003 0.002 0.003 0.977 0.003 0.002 0.002 
358 UHA-0391    (0)   :  0.003 0.023 0.012 0.008 0.007 0.005 0.932 0.004 0.002 0.004 
359 UHA-0392    (0)   :  0.002 0.003 0.024 0.002 0.003 0.051 0.881 0.002 0.003 0.029 
360 UHA-0393    (0)   :  0.004 0.007 0.029 0.003 0.005 0.005 0.937 0.003 0.003 0.004 
361 UHA-0394    (0)   :  0.038 0.008 0.015 0.006 0.016 0.002 0.897 0.009 0.007 0.003 
362 UHA-0395    (7)   :  0.923 0.007 0.004 0.017 0.009 0.007 0.009 0.016 0.003 0.004 
363 UHA-0396    (0)   :  0.919 0.008 0.004 0.030 0.007 0.003 0.007 0.014 0.005 0.003 
364 UHA-0397    (7)   :  0.166 0.008 0.010 0.025 0.155 0.013 0.018 0.559 0.042 0.005 
365 UHA-0398    (0)   :  0.210 0.089 0.315 0.062 0.081 0.023 0.007 0.180 0.012 0.020 
366 UHA-0399    (7)   :  0.858 0.004 0.034 0.015 0.025 0.002 0.005 0.047 0.005 0.004 
367 UHA-0400    (0)   :  0.007 0.002 0.003 0.019 0.949 0.003 0.002 0.008 0.003 0.003 
368 UHA-0401   (15)   :  0.821 0.008 0.012 0.112 0.011 0.004 0.007 0.016 0.004 0.004 
369 UHA-0402   (23)   :  0.549 0.005 0.035 0.028 0.172 0.003 0.009 0.188 0.006 0.005 
370 UHA-0404    (0)   :  0.018 0.003 0.036 0.003 0.003 0.009 0.912 0.009 0.003 0.003 
371 UHA-0405    (0)   :  0.803 0.008 0.011 0.043 0.021 0.004 0.037 0.044 0.023 0.007 
372 UHA-0406    (0)   :  0.006 0.002 0.005 0.966 0.005 0.002 0.002 0.007 0.003 0.002 
373 UHA-0407    (0)   :  0.222 0.005 0.004 0.039 0.201 0.002 0.003 0.517 0.003 0.004 
374 UHA-0408    (0)   :  0.004 0.003 0.002 0.003 0.003 0.002 0.976 0.004 0.002 0.002 
375 UHA-0409    (0)   :  0.813 0.003 0.006 0.043 0.082 0.005 0.002 0.023 0.003 0.018 
376 UHA-0410    (0)   :  0.003 0.004 0.004 0.004 0.010 0.002 0.949 0.019 0.003 0.002 
377 UHA-0411    (7)   :  0.894 0.003 0.005 0.021 0.038 0.002 0.002 0.028 0.004 0.003 
378 UHA-0412    (0)   :  0.003 0.004 0.004 0.004 0.010 0.003 0.949 0.018 0.003 0.002 
379 UHA-0413    (0)   :  0.037 0.005 0.009 0.877 0.008 0.012 0.036 0.011 0.004 0.002 
380 UHA-0414    (0)   :  0.005 0.003 0.003 0.004 0.004 0.002 0.971 0.003 0.004 0.002 
381 UHA-0415    (0)   :  0.003 0.003 0.002 0.003 0.003 0.002 0.976 0.003 0.003 0.002 
382 UHA-0416    (0)   :  0.005 0.007 0.004 0.004 0.004 0.003 0.963 0.005 0.002 0.003 
383 UHA-0417    (0)   :  0.004 0.004 0.015 0.005 0.005 0.055 0.805 0.010 0.003 0.094 
384 UHA-0418    (0)   :  0.002 0.003 0.003 0.002 0.002 0.003 0.979 0.002 0.003 0.002 
385 UHA-0419    (0)   :  0.002 0.004 0.003 0.004 0.003 0.002 0.972 0.004 0.004 0.002 
386 UHA-0420    (0)   :  0.068 0.004 0.005 0.851 0.044 0.004 0.002 0.016 0.004 0.003 
387 UHA-0421    (0)   :  0.009 0.011 0.012 0.013 0.918 0.008 0.011 0.008 0.005 0.004 
388 UHA-0422    (0)   :  0.025 0.011 0.013 0.037 0.080 0.004 0.798 0.019 0.004 0.009 
389 UHA-0423    (0)   :  0.007 0.004 0.004 0.004 0.006 0.003 0.961 0.005 0.003 0.003 
390 UHA-0424    (0)   :  0.142 0.009 0.004 0.020 0.161 0.004 0.013 0.582 0.063 0.002 
391 UHA-0425    (0)   :  0.009 0.004 0.008 0.029 0.893 0.028 0.002 0.008 0.003 0.015 
392 UHA-0461    (0)   :  0.031 0.012 0.104 0.036 0.121 0.005 0.008 0.645 0.031 0.006 
393 UHA-0462    (7)   :  0.381 0.004 0.014 0.222 0.009 0.010 0.003 0.350 0.004 0.003 
394 UHA-0463    (7)   :  0.005 0.002 0.002 0.970 0.007 0.002 0.002 0.004 0.003 0.002 
395 UHA-0464    (0)   :  0.007 0.002 0.004 0.962 0.008 0.004 0.003 0.005 0.003 0.003 
396 UHA-0465    (0)   :  0.010 0.004 0.010 0.834 0.027 0.065 0.003 0.017 0.004 0.027 
397 UHA-0466    (0)   :  0.331 0.004 0.007 0.048 0.416 0.002 0.004 0.160 0.026 0.002 
398 UHA-0467    (7)   :  0.148 0.007 0.011 0.037 0.646 0.003 0.002 0.130 0.012 0.004 
399 UHA-0468    (0)   :  0.030 0.006 0.018 0.046 0.011 0.026 0.004 0.838 0.013 0.009 
400 UHA-0469    (0)   :  0.032 0.008 0.043 0.672 0.167 0.006 0.004 0.050 0.012 0.007 
401 UHA-0470    (0)   :  0.016 0.005 0.004 0.009 0.939 0.004 0.008 0.008 0.004 0.003 
402 UHA-0471    (0)   :  0.017 0.004 0.005 0.015 0.870 0.002 0.002 0.061 0.022 0.002 
403 UHA-0472    (7)   :  0.790 0.008 0.006 0.119 0.054 0.002 0.003 0.012 0.004 0.003 
404 UHA-0473    (0)   :  0.616 0.011 0.006 0.020 0.016 0.012 0.003 0.298 0.009 0.008 
405 UHA-0474    (0)   :  0.235 0.010 0.018 0.547 0.093 0.006 0.006 0.026 0.056 0.003 
406 UHA-0475    (0)   :  0.084 0.003 0.002 0.840 0.029 0.002 0.002 0.028 0.007 0.002 
407 UHA-0180    (0)   :  0.431 0.004 0.005 0.008 0.011 0.003 0.002 0.529 0.003 0.003 
408 UHA-0181    (0)   :  0.033 0.013 0.010 0.207 0.427 0.007 0.003 0.292 0.004 0.004 
409 UHA-0182    (7)   :  0.024 0.125 0.008 0.025 0.739 0.004 0.002 0.009 0.055 0.007 
410 UHA-0278    (0)   :  0.003 0.963 0.003 0.003 0.008 0.005 0.005 0.003 0.003 0.004 
411 UHA-0279    (0)   :  0.006 0.003 0.004 0.004 0.004 0.003 0.959 0.004 0.011 0.002 
412 UHA-0280    (0)   :  0.066 0.005 0.004 0.163 0.444 0.003 0.005 0.299 0.011 0.002 
413 UHA-0291    (0)   :  0.002 0.002 0.002 0.002 0.002 0.002 0.980 0.002 0.003 0.003 
414 UHA-0315    (0)   :  0.037 0.021 0.015 0.103 0.308 0.022 0.042 0.108 0.341 0.004 
415 UHA-0328    (0)   :  0.031 0.003 0.003 0.040 0.007 0.004 0.003 0.904 0.003 0.001 
416 UHA-0344    (0)   :  0.056 0.004 0.004 0.884 0.035 0.002 0.002 0.006 0.005 0.002 
417 UHA-0351    (0)   :  0.003 0.002 0.007 0.004 0.003 0.011 0.003 0.004 0.002 0.959 


Estimated Allele Frequencies in each cluster
First column gives estimated ancestral frequencies


Locus 1 : 
10 alleles
1.9% missing data
   4   (0.171) 0.071 0.287 0.322 0.065 0.107 0.513 0.394 0.497 0.024 0.032 
   3   (0.576) 0.655 0.577 0.620 0.744 0.690 0.475 0.450 0.425 0.308 0.736 
   2   (0.112) 0.197 0.058 0.024 0.170 0.048 0.010 0.121 0.029 0.063 0.085 
   9   (0.015) 0.002 0.004 0.003 0.002 0.002 0.000 0.000 0.002 0.002 0.145 
   8   (0.014) 0.002 0.016 0.009 0.002 0.004 0.000 0.000 0.002 0.002 0.000 
   5   (0.046) 0.030 0.014 0.013 0.009 0.138 0.000 0.001 0.010 0.593 0.000 
  10   (0.015) 0.002 0.030 0.002 0.002 0.002 0.000 0.000 0.002 0.002 0.000 
   7   (0.016) 0.023 0.004 0.002 0.002 0.003 0.000 0.000 0.026 0.002 0.000 
   6   (0.015) 0.002 0.004 0.002 0.002 0.002 0.000 0.027 0.002 0.002 0.000 
   1   (0.019) 0.017 0.006 0.003 0.003 0.004 0.000 0.005 0.004 0.003 0.000 

Locus 2 : 
20 alleles
1.0% missing data
