

----------------------------------------------------
STRUCTURE by Pritchard, Stephens and Donnelly (2000)
     and Falush, Stephens and Pritchard (2003)
       Code by Pritchard, Falush and Hubisz
             Version 2.3.4 (Jul 2012)
----------------------------------------------------



Command line arguments:   bin\structure -m C:\Users\eschumacher\Documents\GitHub\USBGHybridAcornsREU2023\Analysis\STRUCTURE\All_Loci\UHA_all_loci_nopop\200-200\mainparams -e C:\Users\eschumacher\Documents\GitHub\USBGHybridAcornsREU2023\Analysis\STRUCTURE\All_Loci\UHA_all_loci_nopop\200-200\extraparams 
Input File:    C:\Users\eschumacher\Documents\GitHub\USBGHybridAcornsREU2023\Analysis\STRUCTURE\All_Loci\UHA_all_loci_nopop\project_data

Run parameters:
   417 individuals
   13 loci
   9 populations assumed
   200000 Burn-in period
   200000 Reps


--------------------------------------------
Overall proportion of membership of the
sample in each of the 9 clusters

Inferred Clusters
  1      2      3      4      5      6      7      8      9    
0.079  0.208  0.211  0.180  0.079  0.039  0.056  0.089  0.060  

--------------------------------------------

Allele-freq. divergence among pops (Net nucleotide distance),
computed using point estimates of P.

      1       2       3       4       5       6       7       8       9      
 1      -    0.2084  0.1772  0.1944  0.0328  0.0776  0.1219  0.0376  0.0381  
 2   0.2084     -    0.0878  0.2083  0.1838  0.1577  0.2171  0.1919  0.2171  
 3   0.1772  0.0878     -    0.1998  0.1878  0.1486  0.1962  0.1928  0.1758  
 4   0.1944  0.2083  0.1998     -    0.1789  0.1356  0.1803  0.1821  0.1906  
 5   0.0328  0.1838  0.1878  0.1789     -    0.0683  0.1102  0.0289  0.0392  
 6   0.0776  0.1577  0.1486  0.1356  0.0683     -    0.0886  0.0795  0.0786  
 7   0.1219  0.2171  0.1962  0.1803  0.1102  0.0886     -    0.1159  0.1121  
 8   0.0376  0.1919  0.1928  0.1821  0.0289  0.0795  0.1159     -    0.0331  
 9   0.0381  0.2171  0.1758  0.1906  0.0392  0.0786  0.1121  0.0331     -    

Average distances (expected heterozygosity) between individuals in same cluster:
cluster  1  : 0.6818 
cluster  2  : 0.5243 
cluster  3  : 0.5409 
cluster  4  : 0.5038 
cluster  5  : 0.7085 
cluster  6  : 0.7957 
cluster  7  : 0.6558 
cluster  8  : 0.6727 
cluster  9  : 0.6870 

--------------------------------------------
Estimated Ln Prob of Data   = -15068.6
Mean value of ln likelihood = -14500.4
Variance of ln likelihood   = 1136.5
Mean value of alpha         = 0.0318

Mean value of Fst_1         = 0.0996
Mean value of Fst_2         = 0.4176
Mean value of Fst_3         = 0.3640
Mean value of Fst_4         = 0.1982
Mean value of Fst_5         = 0.0820
Mean value of Fst_6         = 0.0900
Mean value of Fst_7         = 0.1590
Mean value of Fst_8         = 0.0968
Mean value of Fst_9         = 0.1071


Inferred ancestry of individuals:
        Label (%Miss) :  Inferred clusters
  1 UHA-0126    (0)   :  0.013 0.004 0.944 0.013 0.007 0.006 0.004 0.004 0.005 
  2 UHA-0127   (15)   :  0.003 0.009 0.974 0.003 0.003 0.002 0.002 0.002 0.002 
  3 UHA-0135    (0)   :  0.003 0.894 0.078 0.008 0.004 0.003 0.002 0.003 0.005 
  4 UHA-0166    (0)   :  0.012 0.119 0.793 0.004 0.010 0.009 0.020 0.020 0.012 
  5 UHA-0169    (0)   :  0.006 0.013 0.679 0.010 0.015 0.237 0.007 0.016 0.016 
  6 UHA-0058    (7)   :  0.003 0.968 0.013 0.004 0.002 0.003 0.003 0.002 0.003 
  7 UHA-0020    (0)   :  0.002 0.983 0.005 0.002 0.002 0.002 0.002 0.002 0.002 
  8 UHA-0023   (15)   :  0.002 0.970 0.013 0.003 0.002 0.002 0.002 0.002 0.002 
  9 UHA-0025    (0)   :  0.003 0.972 0.005 0.005 0.004 0.003 0.002 0.003 0.004 
 10 UHA-0026    (7)   :  0.005 0.954 0.024 0.003 0.003 0.003 0.003 0.003 0.003 
 11 UHA-0027    (0)   :  0.002 0.980 0.004 0.002 0.003 0.002 0.002 0.002 0.002 
 12 UHA-0028    (0)   :  0.002 0.983 0.004 0.002 0.002 0.002 0.002 0.002 0.002 
 13 UHA-0099    (0)   :  0.003 0.965 0.003 0.012 0.003 0.003 0.002 0.004 0.004 
 14 UHA-0029    (0)   :  0.002 0.981 0.004 0.003 0.002 0.002 0.002 0.002 0.002 
 15 UHA-0043   (15)   :  0.003 0.966 0.011 0.004 0.004 0.003 0.004 0.003 0.003 
 16 UHA-0045    (0)   :  0.003 0.978 0.007 0.002 0.002 0.002 0.002 0.002 0.002 
 17 UHA-0047    (0)   :  0.003 0.964 0.009 0.008 0.002 0.003 0.003 0.003 0.003 
 18 UHA-0050    (0)   :  0.012 0.889 0.070 0.003 0.004 0.005 0.005 0.006 0.006 
 19 UHA-0052    (0)   :  0.005 0.943 0.009 0.004 0.020 0.009 0.003 0.004 0.003 
 20 UHA-0056    (7)   :  0.005 0.466 0.495 0.014 0.004 0.003 0.002 0.006 0.005 
 21 UHA-0068    (7)   :  0.003 0.007 0.972 0.004 0.002 0.002 0.003 0.002 0.003 
 22 UHA-0070    (0)   :  0.002 0.003 0.980 0.003 0.002 0.002 0.002 0.002 0.002 
 23 UHA-0071    (7)   :  0.003 0.004 0.979 0.002 0.002 0.002 0.002 0.003 0.003 
 24 UHA-0075   (15)   :  0.004 0.181 0.761 0.004 0.007 0.003 0.004 0.011 0.023 
 25 UHA-0077    (0)   :  0.002 0.010 0.974 0.002 0.002 0.002 0.003 0.003 0.002 
 26 UHA-0079    (0)   :  0.003 0.004 0.981 0.002 0.002 0.002 0.002 0.002 0.002 
 27 UHA-0080    (7)   :  0.018 0.003 0.915 0.005 0.011 0.003 0.004 0.017 0.025 
 28 UHA-0081    (7)   :  0.002 0.004 0.979 0.002 0.002 0.002 0.002 0.002 0.002 
 29 UHA-0093   (15)   :  0.002 0.004 0.979 0.004 0.002 0.002 0.002 0.002 0.002 
 30 UHA-0094    (0)   :  0.003 0.005 0.979 0.003 0.002 0.002 0.002 0.002 0.002 
 31 UHA-0095    (0)   :  0.003 0.007 0.975 0.003 0.002 0.003 0.002 0.002 0.002 
 32 UHA-0096   (23)   :  0.003 0.022 0.956 0.003 0.003 0.003 0.003 0.003 0.003 
 33 UHA-0097    (7)   :  0.003 0.004 0.978 0.002 0.002 0.003 0.002 0.002 0.002 
 34 UHA-0098    (0)   :  0.002 0.982 0.004 0.003 0.002 0.002 0.002 0.002 0.002 
 35 UHA-0101   (15)   :  0.003 0.972 0.003 0.007 0.003 0.003 0.002 0.003 0.003 
 36 UHA-0105    (0)   :  0.002 0.981 0.003 0.002 0.003 0.002 0.002 0.003 0.002 
 37 UHA-0109    (0)   :  0.003 0.978 0.004 0.004 0.002 0.002 0.002 0.003 0.002 
 38 UHA-0111    (0)   :  0.002 0.975 0.008 0.003 0.002 0.002 0.002 0.002 0.003 
 39 UHA-0112    (7)   :  0.004 0.003 0.976 0.003 0.002 0.002 0.003 0.003 0.004 
 40 UHA-0298    (0)   :  0.004 0.961 0.017 0.003 0.003 0.002 0.002 0.003 0.004 
 41 UHA-0021    (0)   :  0.004 0.966 0.005 0.002 0.006 0.004 0.002 0.003 0.009 
 42 UHA-0022    (0)   :  0.002 0.983 0.004 0.002 0.002 0.002 0.002 0.002 0.002 
 43 UHA-0048    (0)   :  0.002 0.983 0.003 0.002 0.002 0.002 0.002 0.002 0.002 
 44 UHA-0049    (0)   :  0.002 0.981 0.006 0.002 0.002 0.002 0.002 0.002 0.002 
 45 UHA-0053    (0)   :  0.003 0.978 0.006 0.002 0.003 0.002 0.002 0.002 0.002 
 46 UHA-0054    (0)   :  0.003 0.979 0.005 0.002 0.003 0.002 0.002 0.002 0.002 
 47 UHA-0055    (0)   :  0.003 0.770 0.206 0.003 0.003 0.006 0.004 0.002 0.003 
 48 UHA-0069    (0)   :  0.002 0.003 0.982 0.002 0.002 0.002 0.002 0.002 0.002 
 49 UHA-0072    (0)   :  0.002 0.012 0.970 0.003 0.003 0.002 0.002 0.003 0.003 
 50 UHA-0073    (0)   :  0.003 0.003 0.982 0.002 0.002 0.002 0.002 0.002 0.002 
 51 UHA-0074    (0)   :  0.003 0.582 0.386 0.010 0.004 0.005 0.003 0.004 0.003 
 52 UHA-0076    (0)   :  0.002 0.005 0.981 0.002 0.002 0.002 0.002 0.002 0.002 
 53 UHA-0100    (0)   :  0.002 0.959 0.010 0.010 0.003 0.004 0.003 0.003 0.006 
 54 UHA-0102    (0)   :  0.002 0.981 0.004 0.002 0.002 0.002 0.002 0.002 0.002 
 55 UHA-0106    (0)   :  0.002 0.982 0.004 0.002 0.002 0.002 0.002 0.002 0.002 
 56 UHA-0110    (0)   :  0.002 0.967 0.009 0.008 0.003 0.003 0.002 0.002 0.004 
 57 UHA-0036    (7)   :  0.002 0.980 0.004 0.003 0.002 0.002 0.002 0.003 0.002 
 58 UHA-0037    (0)   :  0.011 0.918 0.027 0.003 0.008 0.007 0.005 0.010 0.009 
 59 UHA-0038    (0)   :  0.007 0.839 0.131 0.002 0.004 0.004 0.003 0.005 0.005 
 60 UHA-0089    (0)   :  0.002 0.003 0.983 0.002 0.002 0.002 0.002 0.002 0.002 
 61 UHA-0040    (0)   :  0.004 0.916 0.065 0.003 0.002 0.002 0.002 0.003 0.003 
 62 UHA-0041    (0)   :  0.002 0.981 0.005 0.002 0.002 0.002 0.002 0.002 0.002 
 63 UHA-0090    (0)   :  0.003 0.004 0.981 0.002 0.002 0.002 0.002 0.002 0.002 
 64 UHA-0059    (0)   :  0.002 0.985 0.002 0.002 0.002 0.002 0.002 0.002 0.002 
 65 UHA-0063    (0)   :  0.002 0.005 0.009 0.967 0.003 0.003 0.006 0.004 0.003 
 66 UHA-0082    (0)   :  0.002 0.006 0.979 0.002 0.002 0.002 0.002 0.002 0.002 
 67 UHA-0083    (0)   :  0.002 0.004 0.979 0.003 0.002 0.002 0.003 0.003 0.003 
 68 UHA-0084    (0)   :  0.002 0.008 0.974 0.003 0.002 0.002 0.002 0.003 0.003 
 69 UHA-0085    (0)   :  0.002 0.006 0.979 0.003 0.002 0.002 0.002 0.003 0.002 
 70 UHA-0086    (0)   :  0.002 0.004 0.979 0.002 0.002 0.002 0.002 0.003 0.003 
 71 UHA-0087    (0)   :  0.002 0.003 0.981 0.002 0.002 0.002 0.003 0.003 0.003 
 72 UHA-0088    (0)   :  0.002 0.005 0.977 0.003 0.002 0.002 0.003 0.003 0.003 
 73 UHA-0091    (0)   :  0.002 0.004 0.979 0.003 0.002 0.002 0.002 0.003 0.003 
 74 UHA-0113    (0)   :  0.002 0.982 0.004 0.002 0.002 0.002 0.002 0.002 0.002 
 75 UHA-0114    (7)   :  0.002 0.982 0.004 0.002 0.002 0.002 0.002 0.002 0.002 
 76 UHA-0115    (7)   :  0.007 0.927 0.012 0.028 0.005 0.004 0.003 0.005 0.009 
 77 UHA-0116    (0)   :  0.003 0.978 0.005 0.003 0.003 0.002 0.002 0.002 0.002 
 78 UHA-0118    (0)   :  0.002 0.981 0.006 0.002 0.002 0.002 0.002 0.002 0.002 
 79 UHA-0119    (0)   :  0.002 0.978 0.004 0.004 0.002 0.003 0.002 0.002 0.002 
 80 UHA-0120    (0)   :  0.002 0.979 0.004 0.002 0.003 0.002 0.002 0.002 0.002 
 81 UHA-0121    (0)   :  0.002 0.983 0.004 0.002 0.002 0.002 0.002 0.002 0.002 
 82 UHA-0122    (0)   :  0.002 0.981 0.003 0.004 0.002 0.002 0.002 0.002 0.002 
 83 UHA-0123    (0)   :  0.003 0.082 0.902 0.002 0.002 0.002 0.002 0.002 0.002 
 84 UHA-0124    (7)   :  0.004 0.830 0.148 0.003 0.004 0.003 0.002 0.003 0.003 
 85 UHA-0125    (0)   :  0.009 0.184 0.752 0.004 0.008 0.005 0.009 0.016 0.013 
 86 UHA-0128    (7)   :  0.003 0.004 0.974 0.005 0.003 0.002 0.002 0.003 0.003 
 87 UHA-0129    (7)   :  0.002 0.005 0.976 0.006 0.002 0.002 0.002 0.002 0.002 
 88 UHA-0130    (0)   :  0.002 0.005 0.978 0.002 0.003 0.002 0.002 0.002 0.003 
 89 UHA-0131    (0)   :  0.013 0.015 0.911 0.006 0.010 0.007 0.008 0.026 0.005 
 90 UHA-0132    (0)   :  0.005 0.105 0.821 0.012 0.008 0.011 0.006 0.030 0.003 
 91 UHA-0133    (7)   :  0.004 0.035 0.941 0.005 0.004 0.003 0.004 0.003 0.003 
 92 UHA-0134    (7)   :  0.003 0.006 0.977 0.002 0.002 0.002 0.002 0.002 0.003 
 93 UHA-0136    (0)   :  0.002 0.004 0.980 0.004 0.002 0.002 0.002 0.002 0.002 
 94 UHA-0137    (0)   :  0.002 0.004 0.982 0.002 0.002 0.002 0.002 0.002 0.002 
 95 UHA-0138    (0)   :  0.806 0.046 0.068 0.019 0.009 0.028 0.009 0.006 0.008 
 96 UHA-0139    (0)   :  0.010 0.873 0.099 0.003 0.004 0.002 0.003 0.003 0.003 
 97 UHA-0140    (0)   :  0.007 0.563 0.359 0.009 0.030 0.015 0.007 0.004 0.006 
 98 UHA-0141    (0)   :  0.008 0.881 0.081 0.009 0.004 0.004 0.003 0.004 0.006 
 99 UHA-0143    (0)   :  0.002 0.026 0.955 0.006 0.002 0.002 0.002 0.002 0.002 
100 UHA-0144    (0)   :  0.002 0.005 0.975 0.005 0.003 0.002 0.003 0.002 0.002 
101 UHA-0146    (7)   :  0.002 0.014 0.959 0.005 0.003 0.003 0.002 0.002 0.010 
102 UHA-0147    (7)   :  0.004 0.045 0.932 0.003 0.004 0.003 0.003 0.003 0.003 
103 UHA-0150    (0)   :  0.006 0.005 0.964 0.005 0.004 0.004 0.003 0.004 0.005 
104 UHA-0162    (7)   :  0.013 0.016 0.422 0.011 0.034 0.033 0.007 0.393 0.071 
105 UHA-0163    (0)   :  0.008 0.273 0.681 0.005 0.013 0.004 0.004 0.004 0.007 
106 UHA-0164   (15)   :  0.004 0.009 0.965 0.004 0.003 0.003 0.005 0.003 0.004 
107 UHA-0165    (0)   :  0.002 0.007 0.979 0.002 0.002 0.002 0.002 0.002 0.002 
108 UHA-0167   (23)   :  0.011 0.785 0.162 0.004 0.007 0.006 0.011 0.008 0.007 
109 UHA-0148    (0)   :  0.033 0.006 0.695 0.050 0.025 0.011 0.166 0.010 0.004 
110 UHA-0151    (0)   :  0.005 0.072 0.875 0.009 0.009 0.005 0.010 0.007 0.009 
111 UHA-0152    (0)   :  0.002 0.266 0.717 0.003 0.002 0.002 0.002 0.003 0.002 
112 UHA-0153    (0)   :  0.002 0.300 0.684 0.003 0.002 0.002 0.002 0.002 0.002 
113 UHA-0154    (0)   :  0.003 0.278 0.700 0.002 0.007 0.002 0.002 0.003 0.003 
114 UHA-0155    (0)   :  0.002 0.418 0.557 0.005 0.003 0.003 0.003 0.005 0.004 
115 UHA-0156    (0)   :  0.008 0.015 0.602 0.012 0.115 0.212 0.006 0.018 0.012 
116 UHA-0157    (7)   :  0.002 0.343 0.632 0.005 0.004 0.002 0.002 0.005 0.004 
117 UHA-0158    (0)   :  0.010 0.145 0.727 0.036 0.014 0.007 0.004 0.045 0.012 
118 UHA-0159    (0)   :  0.016 0.680 0.248 0.009 0.007 0.007 0.004 0.007 0.024 
119 UHA-0160    (0)   :  0.003 0.470 0.501 0.009 0.003 0.004 0.002 0.004 0.005 
120 UHA-0161    (0)   :  0.004 0.173 0.803 0.004 0.003 0.004 0.003 0.003 0.004 
121 UHA-0426    (0)   :  0.004 0.009 0.926 0.004 0.012 0.004 0.003 0.008 0.031 
122 UHA-0427    (0)   :  0.003 0.456 0.527 0.003 0.003 0.002 0.002 0.002 0.002 
123 UHA-0428    (0)   :  0.002 0.003 0.981 0.002 0.002 0.002 0.002 0.002 0.003 
124 UHA-0429    (0)   :  0.016 0.493 0.349 0.047 0.009 0.010 0.004 0.013 0.060 
125 UHA-0430    (0)   :  0.002 0.315 0.668 0.003 0.002 0.002 0.003 0.002 0.002 
126 UHA-0431    (0)   :  0.006 0.435 0.535 0.005 0.005 0.004 0.003 0.003 0.004 
127 UHA-0432    (7)   :  0.018 0.202 0.636 0.018 0.016 0.005 0.003 0.015 0.087 
128 UHA-0433    (0)   :  0.002 0.437 0.543 0.005 0.003 0.002 0.002 0.004 0.003 
129 UHA-0434    (0)   :  0.008 0.006 0.927 0.008 0.008 0.005 0.021 0.006 0.011 
130 UHA-0435    (0)   :  0.006 0.065 0.873 0.017 0.003 0.004 0.003 0.026 0.004 
131 UHA-0436    (0)   :  0.003 0.005 0.978 0.002 0.003 0.002 0.002 0.002 0.003 
132 UHA-0437    (0)   :  0.002 0.112 0.873 0.002 0.002 0.002 0.002 0.002 0.002 
133 UHA-0438    (0)   :  0.002 0.020 0.936 0.018 0.003 0.003 0.003 0.003 0.011 
134 UHA-0439    (0)   :  0.002 0.901 0.083 0.003 0.002 0.002 0.002 0.002 0.003 
135 UHA-0440    (0)   :  0.002 0.978 0.006 0.003 0.002 0.002 0.002 0.002 0.002 
136 UHA-0441    (0)   :  0.002 0.979 0.009 0.002 0.002 0.002 0.002 0.002 0.002 
137 UHA-0442    (0)   :  0.002 0.979 0.007 0.002 0.002 0.002 0.002 0.002 0.002 
138 UHA-0443    (0)   :  0.002 0.980 0.004 0.003 0.002 0.002 0.002 0.002 0.002 
139 UHA-0444    (0)   :  0.002 0.979 0.005 0.002 0.002 0.002 0.002 0.002 0.002 
140 UHA-0445    (0)   :  0.002 0.983 0.004 0.002 0.002 0.002 0.002 0.002 0.002 
141 UHA-0446    (0)   :  0.011 0.836 0.082 0.005 0.019 0.003 0.002 0.007 0.035 
142 UHA-0447    (0)   :  0.002 0.981 0.003 0.003 0.002 0.002 0.002 0.002 0.002 
143 UHA-0448    (0)   :  0.002 0.982 0.005 0.002 0.002 0.002 0.002 0.002 0.002 
144 UHA-0449    (0)   :  0.002 0.982 0.002 0.004 0.002 0.002 0.002 0.002 0.002 
145 UHA-0450    (0)   :  0.002 0.979 0.004 0.003 0.002 0.002 0.003 0.002 0.002 
146 UHA-0451    (0)   :  0.002 0.980 0.005 0.003 0.002 0.002 0.002 0.002 0.002 
147 UHA-0452    (0)   :  0.002 0.982 0.003 0.004 0.002 0.002 0.002 0.002 0.002 
148 UHA-0453    (0)   :  0.002 0.979 0.006 0.002 0.002 0.002 0.002 0.002 0.002 
149 UHA-0454    (0)   :  0.002 0.982 0.003 0.003 0.002 0.002 0.002 0.002 0.002 
150 UHA-0455    (0)   :  0.002 0.984 0.003 0.002 0.002 0.002 0.002 0.002 0.002 
151 UHA-0456    (0)   :  0.002 0.981 0.004 0.002 0.002 0.002 0.002 0.002 0.002 
152 UHA-0457    (0)   :  0.002 0.976 0.002 0.006 0.003 0.003 0.002 0.003 0.003 
153 UHA-0458    (0)   :  0.003 0.978 0.003 0.003 0.003 0.003 0.002 0.003 0.003 
154 UHA-0459    (0)   :  0.002 0.971 0.008 0.006 0.003 0.003 0.002 0.002 0.004 
155 UHA-0460    (0)   :  0.002 0.981 0.004 0.003 0.002 0.002 0.002 0.002 0.002 
156 UHA-0001    (0)   :  0.006 0.003 0.002 0.967 0.003 0.003 0.003 0.011 0.003 
157 UHA-0002    (0)   :  0.060 0.004 0.005 0.690 0.018 0.024 0.004 0.159 0.036 
158 UHA-0003    (0)   :  0.008 0.051 0.005 0.837 0.012 0.007 0.005 0.041 0.035 
159 UHA-0004    (7)   :  0.004 0.006 0.002 0.002 0.005 0.003 0.964 0.005 0.007 
160 UHA-0005    (0)   :  0.010 0.006 0.003 0.012 0.007 0.005 0.945 0.006 0.005 
161 UHA-0006    (0)   :  0.023 0.007 0.005 0.003 0.009 0.005 0.868 0.064 0.016 
162 UHA-0007    (0)   :  0.334 0.005 0.005 0.020 0.053 0.007 0.004 0.500 0.073 
163 UHA-0008    (0)   :  0.948 0.004 0.006 0.004 0.017 0.004 0.004 0.007 0.005 
164 UHA-0009    (0)   :  0.005 0.015 0.930 0.033 0.003 0.005 0.002 0.004 0.003 
165 UHA-0010    (7)   :  0.003 0.035 0.946 0.003 0.003 0.002 0.003 0.003 0.003 
166 UHA-0011    (0)   :  0.002 0.004 0.982 0.002 0.002 0.002 0.002 0.002 0.002 
167 UHA-0012    (0)   :  0.004 0.004 0.971 0.005 0.003 0.003 0.003 0.003 0.004 
168 UHA-0013    (0)   :  0.003 0.008 0.968 0.003 0.005 0.003 0.003 0.004 0.004 
169 UHA-0014    (0)   :  0.002 0.004 0.981 0.002 0.002 0.002 0.002 0.002 0.002 
170 UHA-0015    (0)   :  0.003 0.009 0.843 0.128 0.002 0.007 0.002 0.003 0.003 
171 UHA-0016   (15)   :  0.003 0.006 0.975 0.003 0.003 0.003 0.003 0.003 0.003 
172 UHA-0017    (7)   :  0.005 0.004 0.005 0.004 0.005 0.011 0.016 0.942 0.008 
173 UHA-0018    (7)   :  0.046 0.002 0.003 0.002 0.058 0.003 0.005 0.860 0.019 
174 UHA-0183    (7)   :  0.003 0.003 0.002 0.977 0.003 0.003 0.003 0.003 0.002 
175 UHA-0184    (0)   :  0.003 0.002 0.003 0.976 0.003 0.007 0.002 0.002 0.003 
176 UHA-0186    (0)   :  0.005 0.002 0.022 0.920 0.005 0.004 0.003 0.006 0.033 
177 UHA-0187    (0)   :  0.005 0.002 0.007 0.953 0.004 0.003 0.012 0.008 0.007 
178 UHA-0188    (0)   :  0.003 0.009 0.005 0.965 0.003 0.003 0.005 0.004 0.003 
179 UHA-0191    (0)   :  0.003 0.002 0.003 0.976 0.003 0.005 0.002 0.003 0.004 
180 UHA-0193    (7)   :  0.010 0.003 0.006 0.003 0.009 0.009 0.944 0.010 0.006 
181 UHA-0194   (15)   :  0.009 0.012 0.002 0.008 0.013 0.088 0.842 0.012 0.014 
182 UHA-0195   (23)   :  0.027 0.002 0.002 0.005 0.007 0.004 0.940 0.008 0.005 
183 UHA-0196    (7)   :  0.004 0.007 0.004 0.028 0.010 0.328 0.605 0.009 0.005 
184 UHA-0197   (15)   :  0.003 0.006 0.003 0.003 0.003 0.004 0.972 0.003 0.003 
185 UHA-0198    (7)   :  0.149 0.003 0.002 0.004 0.053 0.014 0.741 0.017 0.017 
186 UHA-0202    (7)   :  0.151 0.006 0.010 0.008 0.039 0.228 0.519 0.021 0.018 
187 UHA-0205    (7)   :  0.009 0.003 0.004 0.004 0.004 0.004 0.960 0.005 0.006 
188 UHA-0207    (7)   :  0.004 0.006 0.002 0.002 0.006 0.003 0.964 0.006 0.007 
189 UHA-0208    (7)   :  0.020 0.005 0.005 0.005 0.012 0.009 0.535 0.365 0.044 
190 UHA-0210    (7)   :  0.034 0.394 0.190 0.010 0.023 0.058 0.076 0.025 0.188 
191 UHA-0211    (7)   :  0.004 0.002 0.003 0.009 0.002 0.969 0.005 0.003 0.004 
192 UHA-0212   (15)   :  0.003 0.002 0.002 0.008 0.002 0.972 0.005 0.003 0.003 
193 UHA-0213    (0)   :  0.004 0.002 0.004 0.610 0.004 0.340 0.028 0.004 0.004 
194 UHA-0214    (0)   :  0.003 0.002 0.002 0.397 0.002 0.584 0.005 0.003 0.003 
195 UHA-0215    (0)   :  0.017 0.019 0.007 0.591 0.014 0.007 0.075 0.246 0.024 
196 UHA-0216   (15)   :  0.048 0.003 0.004 0.625 0.051 0.012 0.041 0.127 0.088 
197 UHA-0217    (0)   :  0.033 0.012 0.023 0.773 0.044 0.042 0.029 0.032 0.011 
198 UHA-0218    (0)   :  0.021 0.011 0.003 0.668 0.197 0.010 0.008 0.055 0.029 
199 UHA-0219   (15)   :  0.061 0.004 0.007 0.133 0.011 0.010 0.050 0.366 0.358 
200 UHA-0220    (0)   :  0.033 0.007 0.004 0.321 0.113 0.033 0.007 0.431 0.051 
201 UHA-0221    (0)   :  0.007 0.002 0.004 0.005 0.005 0.006 0.943 0.022 0.007 
202 UHA-0222    (7)   :  0.004 0.002 0.004 0.004 0.004 0.005 0.959 0.011 0.006 
203 UHA-0223    (0)   :  0.012 0.005 0.004 0.012 0.017 0.005 0.167 0.769 0.010 
204 UHA-0224    (0)   :  0.003 0.005 0.978 0.003 0.002 0.002 0.003 0.002 0.003 
205 UHA-0225    (0)   :  0.008 0.013 0.005 0.080 0.006 0.032 0.023 0.653 0.180 
206 UHA-0226    (0)   :  0.012 0.004 0.005 0.012 0.012 0.007 0.191 0.285 0.473 
207 UHA-0227    (0)   :  0.010 0.037 0.068 0.003 0.015 0.003 0.004 0.845 0.013 
208 UHA-0228    (0)   :  0.008 0.002 0.003 0.002 0.005 0.002 0.002 0.967 0.007 
209 UHA-0229    (7)   :  0.005 0.004 0.005 0.004 0.005 0.012 0.016 0.942 0.008 
210 UHA-0230    (7)   :  0.234 0.017 0.021 0.193 0.081 0.076 0.086 0.125 0.166 
211 UHA-0231    (0)   :  0.910 0.003 0.005 0.006 0.008 0.007 0.003 0.030 0.028 
212 UHA-0232    (0)   :  0.015 0.003 0.004 0.012 0.039 0.010 0.027 0.819 0.071 
213 UHA-0233    (7)   :  0.423 0.005 0.005 0.046 0.020 0.017 0.182 0.195 0.107 
214 UHA-0238    (7)   :  0.017 0.004 0.008 0.023 0.073 0.008 0.043 0.025 0.799 
215 UHA-0239    (0)   :  0.070 0.012 0.098 0.010 0.252 0.017 0.007 0.025 0.509 
216 UHA-0240    (0)   :  0.013 0.002 0.003 0.003 0.167 0.007 0.004 0.034 0.767 
217 UHA-0241    (0)   :  0.796 0.002 0.004 0.002 0.008 0.003 0.004 0.048 0.133 
218 UHA-0242    (0)   :  0.583 0.002 0.003 0.002 0.026 0.004 0.007 0.092 0.281 
219 UHA-0243    (7)   :  0.119 0.002 0.002 0.002 0.836 0.003 0.006 0.013 0.018 
220 UHA-0244    (0)   :  0.718 0.006 0.009 0.023 0.088 0.006 0.012 0.115 0.022 
221 UHA-0245    (7)   :  0.007 0.004 0.004 0.044 0.005 0.016 0.006 0.899 0.015 
222 UHA-0246    (7)   :  0.729 0.004 0.004 0.004 0.008 0.007 0.006 0.196 0.043 
223 UHA-0247    (7)   :  0.059 0.005 0.007 0.007 0.794 0.007 0.013 0.008 0.100 
224 UHA-0248    (0)   :  0.007 0.166 0.062 0.059 0.004 0.674 0.010 0.008 0.011 
225 UHA-0249    (7)   :  0.011 0.022 0.032 0.027 0.004 0.790 0.087 0.016 0.011 
226 UHA-0251    (0)   :  0.008 0.004 0.003 0.019 0.005 0.921 0.027 0.005 0.007 
227 UHA-0252    (7)   :  0.004 0.015 0.009 0.002 0.005 0.843 0.101 0.015 0.006 
228 UHA-0254    (7)   :  0.029 0.003 0.003 0.005 0.005 0.904 0.004 0.042 0.005 
229 UHA-0255    (7)   :  0.008 0.005 0.011 0.003 0.008 0.827 0.109 0.014 0.015 
230 UHA-0256   (15)   :  0.010 0.008 0.799 0.033 0.009 0.033 0.003 0.091 0.013 
231 UHA-0257    (0)   :  0.002 0.980 0.003 0.003 0.002 0.002 0.002 0.003 0.002 
232 UHA-0258    (7)   :  0.011 0.855 0.033 0.058 0.007 0.005 0.002 0.017 0.012 
233 UHA-0259    (7)   :  0.004 0.010 0.891 0.030 0.031 0.006 0.004 0.012 0.012 
234 UHA-0260    (0)   :  0.002 0.983 0.004 0.002 0.002 0.002 0.002 0.002 0.002 
235 UHA-0261    (0)   :  0.003 0.970 0.010 0.003 0.003 0.002 0.003 0.003 0.003 
236 UHA-0262    (0)   :  0.002 0.003 0.978 0.004 0.002 0.002 0.003 0.003 0.003 
237 UHA-0263    (0)   :  0.002 0.004 0.981 0.002 0.002 0.002 0.002 0.002 0.002 
238 UHA-0264    (0)   :  0.011 0.005 0.963 0.004 0.003 0.003 0.003 0.005 0.004 
239 UHA-0265    (0)   :  0.004 0.003 0.978 0.002 0.002 0.002 0.002 0.003 0.004 
240 UHA-0266    (7)   :  0.003 0.008 0.975 0.002 0.002 0.003 0.002 0.003 0.003 
241 UHA-0267    (0)   :  0.002 0.003 0.982 0.002 0.002 0.002 0.002 0.002 0.002 
242 UHA-0273    (7)   :  0.005 0.038 0.020 0.012 0.009 0.183 0.712 0.008 0.012 
243 UHA-0282    (0)   :  0.576 0.004 0.002 0.004 0.059 0.004 0.007 0.323 0.021 
244 UHA-0283    (7)   :  0.003 0.002 0.004 0.971 0.003 0.004 0.003 0.004 0.006 
245 UHA-0284    (0)   :  0.019 0.006 0.005 0.004 0.018 0.004 0.019 0.877 0.048 
246 UHA-0285    (0)   :  0.003 0.002 0.002 0.979 0.002 0.004 0.004 0.002 0.002 
247 UHA-0286    (0)   :  0.076 0.007 0.004 0.671 0.201 0.020 0.003 0.014 0.005 
248 UHA-0287   (23)   :  0.003 0.002 0.003 0.965 0.003 0.010 0.006 0.004 0.004 
249 UHA-0288    (7)   :  0.021 0.021 0.049 0.006 0.027 0.010 0.004 0.594 0.268 
250 UHA-0289    (7)   :  0.860 0.002 0.003 0.004 0.025 0.015 0.003 0.013 0.075 
251 UHA-0294    (7)   :  0.934 0.004 0.006 0.006 0.012 0.006 0.012 0.010 0.010 
252 UHA-0295   (15)   :  0.538 0.008 0.011 0.014 0.262 0.007 0.047 0.102 0.011 
253 UHA-0299    (0)   :  0.315 0.004 0.006 0.003 0.624 0.004 0.004 0.015 0.026 
254 UHA-0300    (0)   :  0.003 0.002 0.002 0.934 0.003 0.028 0.017 0.005 0.006 
255 UHA-0301    (0)   :  0.006 0.002 0.003 0.002 0.003 0.003 0.002 0.004 0.975 
256 UHA-0302    (7)   :  0.008 0.002 0.006 0.003 0.009 0.003 0.005 0.852 0.112 
257 UHA-0303    (0)   :  0.029 0.005 0.007 0.010 0.009 0.005 0.009 0.026 0.899 
258 UHA-0304    (0)   :  0.009 0.006 0.004 0.011 0.106 0.022 0.003 0.825 0.014 
259 UHA-0305    (7)   :  0.010 0.002 0.003 0.002 0.004 0.004 0.003 0.009 0.962 
260 UHA-0306   (15)   :  0.059 0.008 0.005 0.003 0.017 0.009 0.007 0.088 0.803 
261 UHA-0307    (0)   :  0.007 0.005 0.003 0.003 0.966 0.003 0.003 0.005 0.005 
262 UHA-0308   (15)   :  0.005 0.002 0.003 0.004 0.007 0.003 0.007 0.009 0.960 
263 UHA-0309    (0)   :  0.006 0.002 0.002 0.005 0.956 0.007 0.003 0.013 0.005 
264 UHA-0310    (0)   :  0.061 0.002 0.002 0.002 0.877 0.005 0.011 0.018 0.020 
265 UHA-0311    (0)   :  0.011 0.002 0.002 0.968 0.003 0.004 0.005 0.003 0.002 
266 UHA-0312    (7)   :  0.006 0.004 0.002 0.011 0.077 0.005 0.005 0.009 0.881 
267 UHA-0313    (0)   :  0.021 0.003 0.002 0.015 0.177 0.007 0.005 0.024 0.745 
268 UHA-0314   (23)   :  0.007 0.009 0.007 0.955 0.004 0.007 0.004 0.004 0.003 
269 UHA-0316    (0)   :  0.072 0.012 0.007 0.005 0.852 0.006 0.007 0.028 0.011 
270 UHA-0317    (7)   :  0.669 0.081 0.007 0.019 0.160 0.012 0.007 0.042 0.006 
271 UHA-0318    (7)   :  0.016 0.003 0.003 0.003 0.383 0.006 0.006 0.557 0.023 
272 UHA-0319    (0)   :  0.004 0.002 0.002 0.975 0.004 0.002 0.005 0.003 0.002 
273 UHA-0320    (0)   :  0.006 0.005 0.059 0.912 0.003 0.004 0.005 0.003 0.004 
274 UHA-0321    (7)   :  0.007 0.003 0.004 0.003 0.010 0.009 0.006 0.154 0.804 
275 UHA-0322    (0)   :  0.005 0.005 0.007 0.009 0.938 0.005 0.012 0.009 0.010 
276 UHA-0323    (0)   :  0.014 0.003 0.003 0.923 0.006 0.009 0.023 0.007 0.011 
277 UHA-0324    (7)   :  0.005 0.004 0.014 0.956 0.006 0.004 0.003 0.004 0.004 
278 UHA-0325    (0)   :  0.003 0.006 0.003 0.970 0.003 0.004 0.004 0.004 0.002 
279 UHA-0326    (0)   :  0.009 0.002 0.004 0.954 0.008 0.002 0.003 0.007 0.009 
280 UHA-0327    (7)   :  0.004 0.003 0.004 0.972 0.005 0.003 0.003 0.003 0.003 
281 UHA-0329    (0)   :  0.026 0.002 0.003 0.006 0.071 0.033 0.023 0.334 0.502 
282 UHA-0330    (0)   :  0.053 0.003 0.002 0.005 0.028 0.011 0.005 0.774 0.118 
283 UHA-0331   (23)   :  0.004 0.005 0.006 0.959 0.005 0.009 0.004 0.005 0.003 
284 UHA-0332    (0)   :  0.928 0.003 0.004 0.002 0.041 0.003 0.006 0.007 0.006 
285 UHA-0333    (0)   :  0.003 0.002 0.002 0.975 0.004 0.004 0.003 0.004 0.003 
286 UHA-0334    (0)   :  0.004 0.005 0.002 0.961 0.003 0.008 0.004 0.009 0.004 
287 UHA-0335   (15)   :  0.017 0.002 0.003 0.003 0.031 0.006 0.006 0.745 0.187 
288 UHA-0337    (0)   :  0.016 0.004 0.005 0.004 0.537 0.005 0.035 0.351 0.043 
289 UHA-0338    (7)   :  0.012 0.007 0.005 0.833 0.033 0.083 0.005 0.014 0.008 
290 UHA-0339    (0)   :  0.004 0.003 0.002 0.901 0.004 0.007 0.007 0.051 0.020 
291 UHA-0340    (0)   :  0.246 0.010 0.007 0.006 0.049 0.053 0.105 0.466 0.058 
292 UHA-0343    (0)   :  0.075 0.006 0.004 0.671 0.200 0.021 0.003 0.015 0.005 
293 UHA-0345    (0)   :  0.916 0.002 0.016 0.002 0.009 0.006 0.003 0.008 0.038 
294 UHA-0346    (7)   :  0.646 0.003 0.002 0.020 0.047 0.016 0.010 0.188 0.068 
295 UHA-0347    (7)   :  0.110 0.003 0.026 0.003 0.358 0.006 0.008 0.225 0.262 
296 UHA-0348    (0)   :  0.012 0.003 0.004 0.003 0.939 0.003 0.015 0.014 0.006 
297 UHA-0349   (23)   :  0.343 0.006 0.005 0.004 0.551 0.005 0.006 0.007 0.074 
298 UHA-0350    (0)   :  0.004 0.003 0.003 0.975 0.004 0.003 0.002 0.003 0.004 
299 UHA-0354    (0)   :  0.034 0.005 0.005 0.017 0.586 0.054 0.196 0.027 0.074 
300 UHA-0352    (7)   :  0.750 0.002 0.002 0.004 0.059 0.003 0.007 0.160 0.012 
301 UHA-0353    (7)   :  0.099 0.002 0.004 0.006 0.552 0.013 0.019 0.058 0.248 
302 UHA-0172    (0)   :  0.007 0.002 0.002 0.002 0.007 0.003 0.970 0.005 0.004 
303 UHA-0174    (0)   :  0.165 0.008 0.008 0.012 0.516 0.050 0.191 0.030 0.020 
304 UHA-0175    (0)   :  0.562 0.007 0.009 0.002 0.083 0.009 0.012 0.068 0.247 
305 UHA-0176    (0)   :  0.002 0.004 0.009 0.967 0.003 0.003 0.005 0.004 0.003 
306 UHA-0177    (7)   :  0.030 0.012 0.008 0.008 0.121 0.020 0.007 0.672 0.123 
307 UHA-0178    (0)   :  0.002 0.003 0.010 0.962 0.003 0.002 0.007 0.004 0.006 
308 UHA-0179    (7)   :  0.012 0.003 0.004 0.028 0.009 0.142 0.766 0.015 0.021 
309 UHA-0189    (0)   :  0.003 0.010 0.006 0.964 0.004 0.004 0.004 0.003 0.003 
310 UHA-0190    (0)   :  0.003 0.004 0.003 0.971 0.003 0.005 0.005 0.003 0.003 
311 UHA-0199    (7)   :  0.008 0.004 0.004 0.008 0.008 0.014 0.937 0.008 0.009 
312 UHA-0276    (0)   :  0.004 0.002 0.002 0.005 0.004 0.971 0.005 0.003 0.004 
313 UHA-0277    (7)   :  0.007 0.002 0.003 0.041 0.006 0.927 0.003 0.004 0.007 
314 UHA-0203    (7)   :  0.002 0.002 0.002 0.003 0.002 0.003 0.980 0.002 0.003 
315 UHA-0204    (0)   :  0.004 0.002 0.005 0.004 0.005 0.004 0.968 0.005 0.004 
316 UHA-0234    (0)   :  0.396 0.003 0.003 0.008 0.195 0.005 0.017 0.342 0.030 
317 UHA-0235    (0)   :  0.905 0.004 0.005 0.004 0.023 0.006 0.031 0.010 0.013 
318 UHA-0236    (0)   :  0.026 0.003 0.012 0.097 0.101 0.035 0.622 0.070 0.035 
319 UHA-0268    (0)   :  0.037 0.360 0.398 0.004 0.012 0.091 0.005 0.036 0.058 
320 UHA-0269    (0)   :  0.006 0.024 0.056 0.006 0.018 0.870 0.005 0.007 0.008 
321 UHA-0270    (7)   :  0.020 0.092 0.157 0.251 0.141 0.060 0.007 0.232 0.039 
322 UHA-0271    (0)   :  0.019 0.100 0.354 0.384 0.010 0.013 0.026 0.079 0.015 
323 UHA-0272    (0)   :  0.006 0.581 0.007 0.009 0.118 0.011 0.034 0.218 0.016 
324 UHA-0355    (7)   :  0.143 0.003 0.002 0.003 0.226 0.023 0.020 0.470 0.111 
325 UHA-0356    (0)   :  0.023 0.022 0.057 0.003 0.868 0.006 0.006 0.006 0.008 
326 UHA-0357    (0)   :  0.010 0.005 0.003 0.011 0.101 0.007 0.004 0.851 0.010 
327 UHA-0358    (0)   :  0.058 0.003 0.011 0.003 0.027 0.005 0.007 0.801 0.084 
328 UHA-0359    (0)   :  0.042 0.004 0.012 0.031 0.821 0.023 0.010 0.014 0.043 
329 UHA-0361   (23)   :  0.062 0.012 0.003 0.007 0.878 0.006 0.007 0.014 0.010 
330 UHA-0362    (0)   :  0.441 0.014 0.006 0.008 0.276 0.004 0.006 0.017 0.229 
331 UHA-0363   (15)   :  0.041 0.007 0.005 0.007 0.363 0.005 0.028 0.445 0.100 
332 UHA-0379    (0)   :  0.002 0.037 0.081 0.867 0.003 0.003 0.003 0.002 0.002 
333 UHA-0365    (0)   :  0.005 0.004 0.002 0.003 0.966 0.002 0.004 0.008 0.006 
334 UHA-0366    (0)   :  0.008 0.011 0.019 0.005 0.860 0.025 0.010 0.025 0.037 
335 UHA-0367    (0)   :  0.009 0.005 0.005 0.933 0.007 0.008 0.008 0.020 0.006 
336 UHA-0368    (0)   :  0.003 0.004 0.002 0.970 0.003 0.007 0.005 0.003 0.003 
337 UHA-0369    (0)   :  0.002 0.002 0.003 0.982 0.002 0.002 0.002 0.002 0.002 
338 UHA-0370    (7)   :  0.005 0.003 0.003 0.949 0.008 0.007 0.011 0.009 0.004 
339 UHA-0371    (7)   :  0.005 0.111 0.006 0.848 0.004 0.007 0.003 0.004 0.012 
340 UHA-0372    (7)   :  0.012 0.008 0.014 0.004 0.908 0.004 0.015 0.024 0.011 
341 UHA-0373   (15)   :  0.927 0.002 0.002 0.003 0.014 0.012 0.003 0.006 0.031 
342 UHA-0374    (0)   :  0.125 0.002 0.005 0.005 0.347 0.101 0.078 0.037 0.301 
343 UHA-0375    (0)   :  0.957 0.004 0.004 0.004 0.007 0.005 0.007 0.005 0.008 
344 UHA-0376    (0)   :  0.048 0.002 0.003 0.003 0.013 0.003 0.015 0.014 0.900 
345 UHA-0377    (0)   :  0.003 0.002 0.003 0.978 0.003 0.004 0.003 0.003 0.002 
346 UHA-0378    (0)   :  0.004 0.004 0.004 0.974 0.003 0.003 0.003 0.002 0.004 
347 UHA-0380    (7)   :  0.007 0.004 0.011 0.927 0.010 0.010 0.004 0.009 0.018 
348 UHA-0381    (0)   :  0.004 0.002 0.003 0.961 0.004 0.013 0.004 0.006 0.004 
349 UHA-0382    (0)   :  0.003 0.003 0.002 0.969 0.003 0.007 0.008 0.003 0.003 
350 UHA-0383   (15)   :  0.004 0.009 0.003 0.883 0.006 0.013 0.062 0.011 0.009 
351 UHA-0384    (7)   :  0.011 0.002 0.003 0.949 0.007 0.006 0.002 0.009 0.010 
352 UHA-0385    (0)   :  0.004 0.002 0.002 0.959 0.005 0.003 0.004 0.016 0.005 
353 UHA-0386    (7)   :  0.002 0.002 0.002 0.982 0.002 0.003 0.002 0.003 0.002 
354 UHA-0387    (0)   :  0.003 0.002 0.002 0.968 0.007 0.003 0.002 0.007 0.005 
355 UHA-0388    (0)   :  0.003 0.004 0.006 0.966 0.006 0.003 0.002 0.004 0.006 
356 UHA-0389    (7)   :  0.010 0.003 0.003 0.958 0.005 0.004 0.006 0.007 0.005 
357 UHA-0390    (0)   :  0.003 0.003 0.003 0.979 0.002 0.002 0.002 0.003 0.003 
358 UHA-0391    (0)   :  0.008 0.004 0.004 0.939 0.008 0.027 0.002 0.003 0.005 
359 UHA-0392    (0)   :  0.002 0.036 0.069 0.880 0.003 0.003 0.003 0.002 0.002 
360 UHA-0393    (0)   :  0.003 0.005 0.006 0.960 0.005 0.010 0.003 0.005 0.004 
361 UHA-0394    (0)   :  0.006 0.003 0.002 0.909 0.016 0.010 0.008 0.036 0.010 
362 UHA-0395    (7)   :  0.026 0.005 0.007 0.009 0.010 0.007 0.004 0.919 0.014 
363 UHA-0396    (0)   :  0.036 0.003 0.003 0.007 0.007 0.008 0.005 0.916 0.014 
364 UHA-0397    (7)   :  0.038 0.005 0.013 0.019 0.234 0.008 0.039 0.071 0.573 
365 UHA-0398    (0)   :  0.081 0.027 0.056 0.010 0.132 0.151 0.016 0.231 0.295 
366 UHA-0399    (7)   :  0.013 0.003 0.002 0.004 0.018 0.004 0.005 0.917 0.032 
367 UHA-0400    (0)   :  0.023 0.003 0.003 0.002 0.946 0.002 0.003 0.008 0.009 
368 UHA-0401   (15)   :  0.109 0.005 0.004 0.007 0.012 0.009 0.005 0.839 0.011 
369 UHA-0402   (23)   :  0.031 0.005 0.003 0.009 0.199 0.006 0.006 0.524 0.217 
370 UHA-0404    (0)   :  0.003 0.003 0.013 0.939 0.003 0.004 0.004 0.021 0.010 
371 UHA-0405    (0)   :  0.058 0.007 0.004 0.040 0.021 0.011 0.023 0.794 0.043 
372 UHA-0406    (0)   :  0.970 0.002 0.003 0.002 0.005 0.002 0.002 0.007 0.007 
373 UHA-0407    (0)   :  0.050 0.005 0.002 0.003 0.298 0.004 0.003 0.090 0.545 
374 UHA-0408    (0)   :  0.003 0.002 0.002 0.978 0.003 0.003 0.002 0.003 0.004 
375 UHA-0409    (0)   :  0.050 0.019 0.006 0.002 0.080 0.003 0.003 0.813 0.024 
376 UHA-0410    (0)   :  0.004 0.002 0.003 0.951 0.011 0.005 0.003 0.003 0.019 
377 UHA-0411    (7)   :  0.025 0.003 0.002 0.002 0.037 0.003 0.005 0.899 0.024 
378 UHA-0412    (0)   :  0.005 0.002 0.003 0.951 0.011 0.005 0.003 0.003 0.019 
379 UHA-0413    (0)   :  0.885 0.002 0.012 0.039 0.008 0.004 0.004 0.038 0.008 
380 UHA-0414    (0)   :  0.004 0.002 0.002 0.973 0.004 0.003 0.004 0.005 0.004 
381 UHA-0415    (0)   :  0.003 0.002 0.002 0.979 0.003 0.003 0.003 0.003 0.003 
382 UHA-0416    (0)   :  0.004 0.003 0.003 0.967 0.004 0.007 0.002 0.005 0.004 
383 UHA-0417    (0)   :  0.005 0.098 0.061 0.809 0.005 0.005 0.004 0.004 0.010 
384 UHA-0418    (0)   :  0.003 0.002 0.003 0.982 0.002 0.002 0.003 0.002 0.002 
385 UHA-0419    (0)   :  0.004 0.002 0.002 0.975 0.003 0.004 0.004 0.002 0.004 
386 UHA-0420    (0)   :  0.851 0.003 0.004 0.002 0.039 0.004 0.004 0.078 0.015 
387 UHA-0421    (0)   :  0.015 0.004 0.009 0.013 0.924 0.011 0.005 0.011 0.009 
388 UHA-0422    (0)   :  0.042 0.010 0.004 0.800 0.075 0.014 0.005 0.025 0.028 
389 UHA-0423    (0)   :  0.004 0.003 0.003 0.965 0.005 0.004 0.003 0.007 0.005 
390 UHA-0424    (0)   :  0.028 0.002 0.004 0.014 0.162 0.008 0.068 0.167 0.546 
391 UHA-0425    (0)   :  0.019 0.017 0.025 0.002 0.913 0.004 0.003 0.009 0.008 
392 UHA-0461    (0)   :  0.033 0.008 0.006 0.008 0.069 0.010 0.022 0.018 0.827 
393 UHA-0462    (7)   :  0.214 0.003 0.009 0.003 0.010 0.005 0.004 0.407 0.345 
394 UHA-0463    (7)   :  0.972 0.002 0.002 0.002 0.008 0.002 0.003 0.005 0.004 
395 UHA-0464    (0)   :  0.964 0.003 0.004 0.002 0.009 0.002 0.003 0.007 0.005 
396 UHA-0465    (0)   :  0.842 0.027 0.061 0.003 0.028 0.004 0.004 0.011 0.020 
397 UHA-0466    (0)   :  0.045 0.002 0.002 0.004 0.305 0.004 0.028 0.427 0.183 
398 UHA-0467    (7)   :  0.037 0.004 0.004 0.003 0.555 0.006 0.011 0.253 0.128 
399 UHA-0468    (0)   :  0.061 0.009 0.020 0.004 0.012 0.009 0.013 0.033 0.838 
400 UHA-0469    (0)   :  0.737 0.007 0.005 0.004 0.148 0.009 0.012 0.033 0.046 
401 UHA-0470    (0)   :  0.010 0.003 0.004 0.009 0.940 0.005 0.004 0.018 0.008 
402 UHA-0471    (0)   :  0.012 0.002 0.002 0.003 0.908 0.004 0.019 0.011 0.040 
403 UHA-0472    (7)   :  0.127 0.003 0.002 0.003 0.061 0.007 0.004 0.779 0.014 
404 UHA-0473    (0)   :  0.019 0.007 0.011 0.003 0.017 0.012 0.009 0.766 0.156 
405 UHA-0474    (0)   :  0.532 0.003 0.006 0.006 0.097 0.011 0.054 0.256 0.035 
406 UHA-0475    (0)   :  0.846 0.002 0.002 0.002 0.037 0.003 0.007 0.074 0.028 
407 UHA-0180    (0)   :  0.010 0.003 0.003 0.002 0.010 0.004 0.004 0.576 0.388 
408 UHA-0181    (0)   :  0.225 0.004 0.006 0.003 0.470 0.013 0.004 0.024 0.252 
409 UHA-0182    (7)   :  0.026 0.007 0.004 0.002 0.752 0.121 0.057 0.022 0.009 
410 UHA-0278    (0)   :  0.003 0.004 0.004 0.005 0.008 0.968 0.003 0.003 0.003 
411 UHA-0279    (0)   :  0.005 0.002 0.003 0.962 0.004 0.003 0.012 0.006 0.004 
412 UHA-0280    (0)   :  0.196 0.002 0.003 0.005 0.468 0.005 0.011 0.037 0.273 
413 UHA-0291    (0)   :  0.002 0.003 0.002 0.982 0.002 0.002 0.002 0.002 0.002 
414 UHA-0315    (0)   :  0.129 0.004 0.022 0.044 0.283 0.023 0.371 0.047 0.077 
415 UHA-0328    (0)   :  0.062 0.001 0.004 0.003 0.008 0.003 0.004 0.039 0.875 
416 UHA-0344    (0)   :  0.866 0.002 0.002 0.002 0.047 0.004 0.005 0.065 0.007 
417 UHA-0351    (0)   :  0.004 0.968 0.010 0.003 0.003 0.002 0.002 0.003 0.004 


Estimated Allele Frequencies in each cluster
First column gives estimated ancestral frequencies


Locus 1 : 
10 alleles
1.9% missing data
   4   (0.174) 0.067 0.053 0.512 0.395 0.112 0.253 0.025 0.065 0.497 
   3   (0.563) 0.744 0.729 0.474 0.450 0.687 0.613 0.310 0.665 0.429 
   2   (0.119) 0.167 0.080 0.012 0.121 0.049 0.056 0.064 0.185 0.032 
   9   (0.015) 0.002 0.137 0.001 0.000 0.002 0.004 0.002 0.002 0.002 
   8   (0.015) 0.002 0.000 0.001 0.000 0.006 0.017 0.002 0.002 0.003 
   5   (0.048) 0.009 0.000 0.000 0.001 0.132 0.016 0.588 0.034 0.012 
  10   (0.014) 0.002 0.000 0.000 0.000 0.002 0.027 0.002 0.002 0.002 
   7   (0.018) 0.002 0.000 0.000 0.000 0.003 0.005 0.002 0.028 0.018 
   6   (0.016) 0.002 0.000 0.000 0.027 0.003 0.004 0.002 0.002 0.002 
   1   (0.019) 0.003 0.000 0.000 0.005 0.004 0.006 0.003 0.016 0.004 

Locus 2 : 
20 alleles
1.0% missing data
  13   (0.173) 0.236 0.363 0.470 0.006 0.166 0.054 0.111 0.275 0.305 
  15   (0.136) 0.126 0.181 0.299 0.004 0.190 0.128 0.067 0.054 0.171 
   6   (0.026) 0.003 0.184 0.143 0.001 0.004 0.013 0.010 0.003 0.004 
  14   (0.134) 0.177 0.267 0.004 0.005 0.284 0.054 0.046 0.246 0.203 
   3   (0.016) 0.002 0.000 0.000 0.863 0.003 0.005 0.002 0.002 0.003 
  17   (0.043) 0.129 0.001 0.001 0.001 0.014 0.019 0.009 0.034 0.041 
   5   (0.014) 0.002 0.000 0.078 0.000 0.002 0.004 0.002 0.002 0.002 
   8   (0.047) 0.013 0.001 0.001 0.022 0.011 0.072 0.110 0.010 0.035 
   4   (0.013) 0.002 0.000 0.000 0.067 0.002 0.004 0.001 0.002 0.002 
  12   (0.030) 0.006 0.000 0.000 0.001 0.009 0.079 0.292 0.007 0.006 
  11   (0.084) 0.142 0.001 0.001 0.014 0.049 0.086 0.228 0.052 0.057 
   9   (0.045) 0.042 0.000 0.000 0.006 0.014 0.069 0.007 0.032 0.030 
  10   (0.039) 0.016 0.000 0.000 0.001 0.018 0.157 0.005 0.045 0.008 
  18   (0.042) 0.028 0.000 0.000 0.001 0.088 0.014 0.005 0.141 0.015 
   2   (0.018) 0.002 0.000 0.000 0.004 0.003 0.007 0.066 0.002 0.003 
  16   (0.069) 0.051 0.001 0.001 0.002 0.127 0.062 0.030 0.069 0.055 
   7   (0.017) 0.002 0.000 0.000 0.000 0.003 0.159 0.002 0.002 0.003 
  19   (0.017) 0.013 0.000 0.000 0.000 0.003 0.005 0.002 0.007 0.014 
   1   (0.015) 0.002 0.000 0.000 0.000 0.003 0.004 0.002 0.012 0.003 
  20   (0.020) 0.005 0.000 0.000 0.001 0.009 0.006 0.002 0.003 0.041 

Locus 3 : 
21 alleles
0.5% missing data
   1   (0.071) 0.066 0.145 0.059 0.005 0.044 0.098 0.013 0.125 0.034 
  12   (0.060) 0.019 0.130 0.282 0.051 0.016 0.019 0.065 0.038 0.033 
  13   (0.064) 0.084 0.200 0.336 0.002 0.012 0.110 0.048 0.064 0.017 
  11   (0.066) 0.045 0.068 0.159 0.011 0.063 0.034 0.021 0.051 0.028 
   5   (0.123) 0.175 0.035 0.002 0.373 0.131 0.168 0.020 0.161 0.198 
   6   (0.056) 0.020 0.108 0.152 0.135 0.031 0.056 0.023 0.012 0.011 
   2   (0.063) 0.258 0.119 0.001 0.002 0.220 0.021 0.025 0.038 0.042 
  10   (0.078) 0.055 0.190 0.001 0.025 0.046 0.107 0.115 0.065 0.031 
   4   (0.064) 0.013 0.001 0.001 0.166 0.042 0.178 0.124 0.081 0.019 
  15   (0.033) 0.012 0.000 0.004 0.024 0.009 0.010 0.099 0.007 0.019 
   8   (0.095) 0.197 0.002 0.001 0.046 0.256 0.030 0.020 0.125 0.369 
   9   (0.047) 0.022 0.000 0.000 0.002 0.083 0.014 0.184 0.023 0.105 
  16   (0.020) 0.003 0.000 0.000 0.026 0.003 0.005 0.065 0.003 0.003 
   3   (0.023) 0.003 0.000 0.000 0.001 0.006 0.050 0.003 0.126 0.006 
   7   (0.055) 0.015 0.000 0.001 0.090 0.011 0.069 0.067 0.065 0.069 
  14   (0.018) 0.002 0.000 0.000 0.000 0.014 0.005 0.066 0.002 0.003 
  18   (0.013) 0.002 0.000 0.000 0.000 0.002 0.010 0.015 0.002 0.002 
  20   (0.012) 0.002 0.000 0.000 0.026 0.002 0.003 0.001 0.001 0.002 
  19   (0.013) 0.002 0.000 0.000 0.006 0.002 0.004 0.002 0.002 0.002 
