

----------------------------------------------------
STRUCTURE by Pritchard, Stephens and Donnelly (2000)
     and Falush, Stephens and Pritchard (2003)
       Code by Pritchard, Falush and Hubisz
             Version 2.3.4 (Jul 2012)
----------------------------------------------------



Command line arguments:   bin\structure -m C:\Users\eschumacher\Documents\GitHub\USBGHybridAcornsREU2023\Analysis\STRUCTURE\All_Loci\UHA_all_loci_nopop\200-200\mainparams -e C:\Users\eschumacher\Documents\GitHub\USBGHybridAcornsREU2023\Analysis\STRUCTURE\All_Loci\UHA_all_loci_nopop\200-200\extraparams 
Input File:    C:\Users\eschumacher\Documents\GitHub\USBGHybridAcornsREU2023\Analysis\STRUCTURE\All_Loci\UHA_all_loci_nopop\project_data

Run parameters:
   417 individuals
   13 loci
   8 populations assumed
   200000 Burn-in period
   200000 Reps


--------------------------------------------
Overall proportion of membership of the
sample in each of the 8 clusters

Inferred Clusters
  1      2      3      4      5      6      7      8    
0.209  0.094  0.040  0.212  0.058  0.181  0.111  0.094  

--------------------------------------------

Allele-freq. divergence among pops (Net nucleotide distance),
computed using point estimates of P.

      1       2       3       4       5       6       7       8      
 1      -    0.2074  0.1545  0.0873  0.2119  0.2069  0.1943  0.1837  
 2   0.2074     -    0.0737  0.1728  0.1124  0.1917  0.0256  0.0245  
 3   0.1545  0.0737     -    0.1457  0.0829  0.1321  0.0751  0.0646  
 4   0.0873  0.1728  0.1457     -    0.1907  0.1987  0.1839  0.1831  
 5   0.2119  0.1124  0.0829  0.1907     -    0.1754  0.1055  0.1059  
 6   0.2069  0.1917  0.1321  0.1987  0.1754     -    0.1786  0.1742  
 7   0.1943  0.0256  0.0751  0.1839  0.1055  0.1786     -    0.0215  
 8   0.1837  0.0245  0.0646  0.1831  0.1059  0.1742  0.0215     -    

Average distances (expected heterozygosity) between individuals in same cluster:
cluster  1  : 0.5251 
cluster  2  : 0.6905 
cluster  3  : 0.7956 
cluster  4  : 0.5418 
cluster  5  : 0.6621 
cluster  6  : 0.5056 
cluster  7  : 0.6822 
cluster  8  : 0.7131 

--------------------------------------------
Estimated Ln Prob of Data   = -15134.4
Mean value of ln likelihood = -14623.9
Variance of ln likelihood   = 1021.1
Mean value of alpha         = 0.0319

Mean value of Fst_1         = 0.4129
Mean value of Fst_2         = 0.0919
Mean value of Fst_3         = 0.0839
Mean value of Fst_4         = 0.3592
Mean value of Fst_5         = 0.1499
Mean value of Fst_6         = 0.1920
Mean value of Fst_7         = 0.0864
Mean value of Fst_8         = 0.0738


Inferred ancestry of individuals:
        Label (%Miss) :  Inferred clusters
  1 UHA-0126    (0)   :  0.005 0.012 0.006 0.948 0.004 0.014 0.004 0.007 
  2 UHA-0127   (15)   :  0.009 0.002 0.002 0.976 0.002 0.003 0.002 0.003 
  3 UHA-0135    (0)   :  0.901 0.003 0.003 0.075 0.002 0.008 0.003 0.005 
  4 UHA-0166    (0)   :  0.121 0.009 0.009 0.809 0.019 0.004 0.016 0.011 
  5 UHA-0169    (0)   :  0.014 0.007 0.251 0.679 0.006 0.011 0.009 0.023 
  6 UHA-0058    (7)   :  0.970 0.003 0.003 0.013 0.003 0.003 0.003 0.002 
  7 UHA-0020    (0)   :  0.985 0.002 0.002 0.005 0.002 0.002 0.002 0.002 
  8 UHA-0023   (15)   :  0.972 0.002 0.002 0.014 0.002 0.003 0.002 0.002 
  9 UHA-0025    (0)   :  0.976 0.003 0.003 0.004 0.002 0.004 0.003 0.004 
 10 UHA-0026    (7)   :  0.956 0.004 0.003 0.026 0.003 0.003 0.003 0.003 
 11 UHA-0027    (0)   :  0.982 0.002 0.002 0.004 0.002 0.002 0.002 0.003 
 12 UHA-0028    (0)   :  0.985 0.002 0.002 0.004 0.002 0.002 0.002 0.002 
 13 UHA-0099    (0)   :  0.969 0.003 0.003 0.003 0.003 0.012 0.004 0.003 
 14 UHA-0029    (0)   :  0.983 0.002 0.002 0.004 0.002 0.003 0.002 0.002 
 15 UHA-0043   (15)   :  0.970 0.003 0.003 0.010 0.004 0.004 0.003 0.003 
 16 UHA-0045    (0)   :  0.980 0.002 0.002 0.007 0.002 0.002 0.002 0.002 
 17 UHA-0047    (0)   :  0.967 0.003 0.003 0.010 0.003 0.009 0.003 0.003 
 18 UHA-0050    (0)   :  0.890 0.011 0.006 0.075 0.005 0.003 0.006 0.004 
 19 UHA-0052    (0)   :  0.952 0.005 0.009 0.010 0.004 0.004 0.003 0.013 
 20 UHA-0056    (7)   :  0.471 0.004 0.003 0.494 0.002 0.015 0.006 0.005 
 21 UHA-0068    (7)   :  0.007 0.003 0.002 0.975 0.003 0.004 0.002 0.003 
 22 UHA-0070    (0)   :  0.003 0.002 0.002 0.983 0.003 0.003 0.002 0.002 
 23 UHA-0071    (7)   :  0.004 0.003 0.002 0.982 0.002 0.002 0.003 0.002 
 24 UHA-0075   (15)   :  0.189 0.005 0.004 0.764 0.005 0.004 0.015 0.015 
 25 UHA-0077    (0)   :  0.010 0.002 0.002 0.976 0.003 0.002 0.003 0.002 
 26 UHA-0079    (0)   :  0.004 0.002 0.002 0.983 0.002 0.002 0.002 0.002 
 27 UHA-0080    (7)   :  0.003 0.021 0.003 0.925 0.004 0.006 0.023 0.015 
 28 UHA-0081    (7)   :  0.005 0.002 0.002 0.982 0.002 0.003 0.002 0.002 
 29 UHA-0093   (15)   :  0.004 0.002 0.002 0.981 0.003 0.004 0.002 0.002 
 30 UHA-0094    (0)   :  0.005 0.002 0.002 0.981 0.002 0.003 0.002 0.002 
 31 UHA-0095    (0)   :  0.007 0.003 0.003 0.978 0.002 0.003 0.002 0.002 
 32 UHA-0096   (23)   :  0.024 0.003 0.003 0.957 0.003 0.003 0.003 0.003 
 33 UHA-0097    (7)   :  0.005 0.003 0.003 0.980 0.002 0.002 0.002 0.003 
 34 UHA-0098    (0)   :  0.984 0.002 0.002 0.004 0.002 0.003 0.002 0.002 
 35 UHA-0101   (15)   :  0.976 0.003 0.003 0.003 0.002 0.007 0.003 0.003 
 36 UHA-0105    (0)   :  0.983 0.002 0.002 0.003 0.002 0.002 0.002 0.003 
 37 UHA-0109    (0)   :  0.980 0.002 0.002 0.003 0.002 0.004 0.003 0.002 
 38 UHA-0111    (0)   :  0.978 0.002 0.002 0.008 0.002 0.003 0.003 0.003 
 39 UHA-0112    (7)   :  0.003 0.004 0.002 0.980 0.003 0.003 0.003 0.003 
 40 UHA-0298    (0)   :  0.964 0.004 0.002 0.018 0.002 0.003 0.003 0.003 
 41 UHA-0021    (0)   :  0.969 0.004 0.004 0.005 0.002 0.002 0.003 0.010 
 42 UHA-0022    (0)   :  0.985 0.002 0.002 0.004 0.002 0.002 0.002 0.002 
 43 UHA-0048    (0)   :  0.985 0.002 0.002 0.003 0.002 0.002 0.002 0.002 
 44 UHA-0049    (0)   :  0.983 0.002 0.002 0.006 0.002 0.002 0.002 0.002 
 45 UHA-0053    (0)   :  0.980 0.002 0.002 0.006 0.002 0.002 0.002 0.002 
 46 UHA-0054    (0)   :  0.982 0.003 0.002 0.005 0.002 0.002 0.002 0.003 
 47 UHA-0055    (0)   :  0.791 0.003 0.005 0.189 0.004 0.003 0.002 0.003 
 48 UHA-0069    (0)   :  0.003 0.002 0.002 0.984 0.002 0.002 0.002 0.002 
 49 UHA-0072    (0)   :  0.012 0.003 0.002 0.972 0.002 0.003 0.003 0.003 
 50 UHA-0073    (0)   :  0.003 0.002 0.002 0.984 0.002 0.002 0.002 0.002 
 51 UHA-0074    (0)   :  0.586 0.003 0.005 0.384 0.003 0.011 0.004 0.004 
 52 UHA-0076    (0)   :  0.005 0.002 0.002 0.983 0.002 0.002 0.002 0.002 
 53 UHA-0100    (0)   :  0.964 0.003 0.004 0.009 0.003 0.010 0.004 0.003 
 54 UHA-0102    (0)   :  0.983 0.002 0.002 0.004 0.002 0.002 0.002 0.002 
 55 UHA-0106    (0)   :  0.984 0.002 0.002 0.004 0.002 0.002 0.002 0.002 
 56 UHA-0110    (0)   :  0.970 0.002 0.003 0.009 0.002 0.007 0.003 0.003 
 57 UHA-0036    (7)   :  0.982 0.002 0.002 0.004 0.002 0.003 0.003 0.002 
 58 UHA-0037    (0)   :  0.924 0.012 0.008 0.029 0.005 0.004 0.009 0.009 
 59 UHA-0038    (0)   :  0.842 0.007 0.004 0.133 0.003 0.002 0.005 0.004 
 60 UHA-0089    (0)   :  0.003 0.002 0.002 0.985 0.002 0.002 0.002 0.002 
 61 UHA-0040    (0)   :  0.917 0.004 0.002 0.066 0.002 0.003 0.003 0.003 
 62 UHA-0041    (0)   :  0.983 0.002 0.002 0.005 0.002 0.002 0.002 0.002 
 63 UHA-0090    (0)   :  0.004 0.003 0.002 0.983 0.002 0.002 0.002 0.002 
 64 UHA-0059    (0)   :  0.987 0.002 0.002 0.003 0.002 0.002 0.002 0.002 
 65 UHA-0063    (0)   :  0.005 0.002 0.003 0.009 0.005 0.969 0.003 0.003 
 66 UHA-0082    (0)   :  0.007 0.002 0.002 0.981 0.002 0.002 0.002 0.002 
 67 UHA-0083    (0)   :  0.004 0.002 0.002 0.981 0.003 0.003 0.003 0.002 
 68 UHA-0084    (0)   :  0.008 0.002 0.002 0.977 0.002 0.003 0.003 0.002 
 69 UHA-0085    (0)   :  0.005 0.002 0.002 0.981 0.002 0.002 0.003 0.002 
 70 UHA-0086    (0)   :  0.004 0.002 0.002 0.981 0.002 0.002 0.003 0.002 
 71 UHA-0087    (0)   :  0.003 0.002 0.002 0.983 0.003 0.002 0.003 0.002 
 72 UHA-0088    (0)   :  0.005 0.003 0.002 0.979 0.003 0.003 0.003 0.002 
 73 UHA-0091    (0)   :  0.004 0.002 0.002 0.982 0.002 0.003 0.003 0.002 
 74 UHA-0113    (0)   :  0.983 0.002 0.002 0.005 0.002 0.002 0.002 0.002 
 75 UHA-0114    (7)   :  0.984 0.002 0.002 0.004 0.002 0.002 0.002 0.002 
 76 UHA-0115    (7)   :  0.934 0.008 0.004 0.013 0.003 0.027 0.005 0.005 
 77 UHA-0116    (0)   :  0.980 0.003 0.002 0.005 0.003 0.003 0.002 0.003 
 78 UHA-0118    (0)   :  0.983 0.002 0.002 0.006 0.002 0.002 0.002 0.002 
 79 UHA-0119    (0)   :  0.980 0.002 0.003 0.004 0.002 0.004 0.002 0.002 
 80 UHA-0120    (0)   :  0.981 0.002 0.002 0.005 0.002 0.002 0.002 0.003 
 81 UHA-0121    (0)   :  0.985 0.002 0.002 0.004 0.002 0.002 0.002 0.002 
 82 UHA-0122    (0)   :  0.982 0.002 0.002 0.003 0.002 0.004 0.002 0.002 
 83 UHA-0123    (0)   :  0.077 0.003 0.002 0.909 0.002 0.002 0.002 0.003 
 84 UHA-0124    (7)   :  0.830 0.004 0.003 0.151 0.002 0.003 0.003 0.004 
 85 UHA-0125    (0)   :  0.165 0.008 0.005 0.786 0.009 0.004 0.013 0.010 
 86 UHA-0128    (7)   :  0.004 0.003 0.003 0.976 0.002 0.006 0.002 0.003 
 87 UHA-0129    (7)   :  0.006 0.002 0.002 0.977 0.002 0.006 0.002 0.002 
 88 UHA-0130    (0)   :  0.005 0.003 0.002 0.981 0.002 0.002 0.002 0.003 
 89 UHA-0131    (0)   :  0.016 0.010 0.007 0.927 0.009 0.006 0.018 0.009 
 90 UHA-0132    (0)   :  0.118 0.004 0.010 0.829 0.006 0.010 0.015 0.006 
 91 UHA-0133    (7)   :  0.036 0.004 0.003 0.943 0.004 0.005 0.003 0.004 
 92 UHA-0134    (7)   :  0.006 0.003 0.002 0.979 0.002 0.002 0.003 0.003 
 93 UHA-0136    (0)   :  0.004 0.002 0.002 0.981 0.002 0.004 0.002 0.002 
 94 UHA-0137    (0)   :  0.004 0.002 0.002 0.984 0.002 0.002 0.002 0.002 
 95 UHA-0138    (0)   :  0.054 0.713 0.047 0.079 0.016 0.020 0.015 0.055 
 96 UHA-0139    (0)   :  0.881 0.008 0.003 0.095 0.003 0.003 0.003 0.004 
 97 UHA-0140    (0)   :  0.604 0.007 0.017 0.331 0.007 0.007 0.004 0.023 
 98 UHA-0141    (0)   :  0.892 0.008 0.004 0.075 0.003 0.009 0.005 0.005 
 99 UHA-0143    (0)   :  0.025 0.002 0.002 0.958 0.002 0.006 0.002 0.002 
100 UHA-0144    (0)   :  0.006 0.002 0.002 0.977 0.003 0.005 0.002 0.003 
101 UHA-0146    (7)   :  0.015 0.003 0.002 0.967 0.002 0.005 0.003 0.003 
102 UHA-0147    (7)   :  0.046 0.004 0.003 0.934 0.003 0.003 0.003 0.004 
103 UHA-0150    (0)   :  0.005 0.005 0.004 0.969 0.003 0.005 0.004 0.004 
104 UHA-0162    (7)   :  0.019 0.059 0.064 0.429 0.010 0.013 0.332 0.074 
105 UHA-0163    (0)   :  0.281 0.007 0.005 0.682 0.004 0.006 0.005 0.011 
106 UHA-0164   (15)   :  0.010 0.004 0.003 0.968 0.005 0.004 0.003 0.004 
107 UHA-0165    (0)   :  0.007 0.002 0.002 0.981 0.002 0.002 0.002 0.002 
108 UHA-0167   (23)   :  0.786 0.010 0.006 0.167 0.011 0.004 0.009 0.007 
109 UHA-0148    (0)   :  0.006 0.026 0.012 0.693 0.174 0.059 0.008 0.022 
110 UHA-0151    (0)   :  0.074 0.006 0.006 0.879 0.011 0.009 0.009 0.007 
111 UHA-0152    (0)   :  0.270 0.002 0.002 0.716 0.002 0.003 0.003 0.002 
112 UHA-0153    (0)   :  0.301 0.002 0.002 0.685 0.002 0.003 0.002 0.002 
113 UHA-0154    (0)   :  0.283 0.003 0.002 0.699 0.002 0.002 0.003 0.005 
114 UHA-0155    (0)   :  0.419 0.003 0.003 0.560 0.003 0.005 0.005 0.004 
115 UHA-0156    (0)   :  0.018 0.010 0.257 0.599 0.006 0.011 0.013 0.085 
116 UHA-0157    (7)   :  0.345 0.003 0.002 0.634 0.002 0.005 0.004 0.004 
117 UHA-0158    (0)   :  0.149 0.010 0.008 0.738 0.004 0.037 0.036 0.019 
118 UHA-0159    (0)   :  0.678 0.022 0.008 0.259 0.005 0.010 0.010 0.009 
119 UHA-0160    (0)   :  0.473 0.003 0.004 0.502 0.002 0.009 0.004 0.003 
120 UHA-0161    (0)   :  0.171 0.004 0.004 0.809 0.003 0.004 0.003 0.003 
121 UHA-0426    (0)   :  0.008 0.009 0.005 0.937 0.004 0.004 0.024 0.010 
122 UHA-0427    (0)   :  0.459 0.003 0.002 0.527 0.002 0.003 0.002 0.003 
123 UHA-0428    (0)   :  0.003 0.002 0.002 0.984 0.002 0.002 0.002 0.002 
124 UHA-0429    (0)   :  0.510 0.036 0.012 0.352 0.004 0.052 0.023 0.011 
125 UHA-0430    (0)   :  0.319 0.002 0.002 0.666 0.003 0.003 0.002 0.002 
126 UHA-0431    (0)   :  0.439 0.006 0.004 0.534 0.004 0.005 0.003 0.005 
127 UHA-0432    (7)   :  0.239 0.064 0.005 0.618 0.003 0.019 0.038 0.013 
128 UHA-0433    (0)   :  0.438 0.002 0.002 0.544 0.002 0.005 0.004 0.003 
129 UHA-0434    (0)   :  0.006 0.010 0.005 0.934 0.021 0.009 0.006 0.010 
130 UHA-0435    (0)   :  0.057 0.005 0.003 0.894 0.003 0.016 0.018 0.004 
131 UHA-0436    (0)   :  0.005 0.003 0.002 0.981 0.002 0.002 0.002 0.003 
132 UHA-0437    (0)   :  0.118 0.002 0.002 0.869 0.002 0.002 0.002 0.002 
133 UHA-0438    (0)   :  0.020 0.003 0.003 0.946 0.004 0.017 0.004 0.003 
134 UHA-0439    (0)   :  0.908 0.002 0.002 0.079 0.002 0.003 0.002 0.002 
135 UHA-0440    (0)   :  0.980 0.002 0.002 0.006 0.002 0.003 0.002 0.002 
136 UHA-0441    (0)   :  0.979 0.002 0.002 0.010 0.002 0.002 0.002 0.002 
137 UHA-0442    (0)   :  0.981 0.002 0.002 0.008 0.002 0.002 0.002 0.002 
138 UHA-0443    (0)   :  0.982 0.002 0.002 0.004 0.002 0.003 0.002 0.002 
139 UHA-0444    (0)   :  0.982 0.002 0.002 0.005 0.002 0.002 0.002 0.002 
140 UHA-0445    (0)   :  0.984 0.002 0.002 0.005 0.002 0.002 0.002 0.002 
141 UHA-0446    (0)   :  0.848 0.019 0.004 0.079 0.003 0.006 0.016 0.025 
142 UHA-0447    (0)   :  0.983 0.002 0.002 0.003 0.002 0.003 0.002 0.002 
143 UHA-0448    (0)   :  0.983 0.002 0.002 0.005 0.002 0.002 0.002 0.002 
144 UHA-0449    (0)   :  0.983 0.002 0.002 0.003 0.002 0.004 0.002 0.002 
145 UHA-0450    (0)   :  0.981 0.002 0.003 0.004 0.002 0.003 0.002 0.002 
146 UHA-0451    (0)   :  0.982 0.002 0.002 0.004 0.002 0.003 0.002 0.002 
147 UHA-0452    (0)   :  0.983 0.002 0.002 0.003 0.002 0.004 0.002 0.002 
148 UHA-0453    (0)   :  0.981 0.002 0.002 0.005 0.002 0.003 0.002 0.002 
149 UHA-0454    (0)   :  0.984 0.002 0.002 0.003 0.002 0.003 0.002 0.002 
150 UHA-0455    (0)   :  0.986 0.002 0.002 0.003 0.002 0.002 0.002 0.002 
151 UHA-0456    (0)   :  0.983 0.002 0.002 0.004 0.002 0.002 0.002 0.002 
152 UHA-0457    (0)   :  0.979 0.003 0.003 0.003 0.002 0.006 0.003 0.003 
153 UHA-0458    (0)   :  0.981 0.003 0.003 0.003 0.002 0.003 0.003 0.003 
154 UHA-0459    (0)   :  0.974 0.002 0.003 0.008 0.002 0.006 0.003 0.003 
155 UHA-0460    (0)   :  0.983 0.002 0.002 0.004 0.002 0.003 0.002 0.002 
156 UHA-0001    (0)   :  0.003 0.006 0.003 0.002 0.003 0.973 0.008 0.003 
157 UHA-0002    (0)   :  0.004 0.074 0.027 0.005 0.004 0.697 0.162 0.028 
158 UHA-0003    (0)   :  0.049 0.007 0.008 0.005 0.006 0.845 0.058 0.021 
159 UHA-0004    (7)   :  0.006 0.004 0.003 0.002 0.970 0.002 0.007 0.006 
160 UHA-0005    (0)   :  0.006 0.008 0.005 0.003 0.955 0.011 0.005 0.006 
161 UHA-0006    (0)   :  0.007 0.023 0.005 0.005 0.913 0.004 0.035 0.009 
162 UHA-0007    (0)   :  0.004 0.239 0.006 0.004 0.004 0.014 0.647 0.082 
163 UHA-0008    (0)   :  0.005 0.796 0.004 0.007 0.006 0.005 0.036 0.142 
164 UHA-0009    (0)   :  0.016 0.004 0.006 0.933 0.002 0.032 0.003 0.003 
165 UHA-0010    (7)   :  0.034 0.003 0.002 0.950 0.003 0.003 0.003 0.003 
166 UHA-0011    (0)   :  0.005 0.002 0.002 0.984 0.002 0.002 0.002 0.002 
167 UHA-0012    (0)   :  0.005 0.004 0.003 0.974 0.003 0.005 0.003 0.003 
168 UHA-0013    (0)   :  0.008 0.004 0.003 0.971 0.002 0.003 0.004 0.005 
169 UHA-0014    (0)   :  0.004 0.002 0.002 0.983 0.002 0.002 0.002 0.002 
170 UHA-0015    (0)   :  0.009 0.003 0.007 0.847 0.002 0.127 0.002 0.002 
171 UHA-0016   (15)   :  0.006 0.003 0.003 0.977 0.003 0.003 0.003 0.003 
172 UHA-0017    (7)   :  0.004 0.006 0.015 0.005 0.016 0.004 0.942 0.006 
173 UHA-0018    (7)   :  0.002 0.046 0.004 0.004 0.005 0.003 0.892 0.043 
174 UHA-0183    (7)   :  0.003 0.002 0.003 0.002 0.003 0.980 0.003 0.003 
175 UHA-0184    (0)   :  0.002 0.003 0.007 0.003 0.002 0.978 0.002 0.003 
176 UHA-0186    (0)   :  0.002 0.012 0.004 0.022 0.003 0.938 0.014 0.005 
177 UHA-0187    (0)   :  0.002 0.005 0.003 0.007 0.013 0.958 0.008 0.005 
178 UHA-0188    (0)   :  0.010 0.003 0.004 0.005 0.005 0.968 0.004 0.003 
179 UHA-0191    (0)   :  0.002 0.003 0.005 0.003 0.003 0.979 0.003 0.003 
180 UHA-0193    (7)   :  0.003 0.009 0.009 0.006 0.952 0.003 0.009 0.009 
181 UHA-0194   (15)   :  0.012 0.008 0.085 0.002 0.854 0.008 0.012 0.018 
182 UHA-0195   (23)   :  0.002 0.020 0.004 0.002 0.949 0.005 0.009 0.008 
183 UHA-0196    (7)   :  0.007 0.004 0.357 0.003 0.586 0.027 0.008 0.008 
184 UHA-0197   (15)   :  0.005 0.003 0.004 0.003 0.976 0.003 0.003 0.003 
185 UHA-0198    (7)   :  0.003 0.133 0.015 0.003 0.777 0.004 0.025 0.040 
186 UHA-0202    (7)   :  0.006 0.126 0.239 0.010 0.541 0.008 0.026 0.045 
187 UHA-0205    (7)   :  0.003 0.009 0.004 0.004 0.965 0.004 0.006 0.005 
188 UHA-0207    (7)   :  0.006 0.004 0.003 0.003 0.969 0.002 0.007 0.006 
189 UHA-0208    (7)   :  0.006 0.048 0.008 0.005 0.647 0.005 0.264 0.017 
190 UHA-0210    (7)   :  0.330 0.079 0.084 0.264 0.103 0.012 0.082 0.046 
191 UHA-0211    (7)   :  0.002 0.004 0.972 0.003 0.005 0.009 0.003 0.002 
192 UHA-0212   (15)   :  0.002 0.003 0.974 0.002 0.005 0.008 0.003 0.002 
193 UHA-0213    (0)   :  0.002 0.004 0.339 0.004 0.032 0.611 0.004 0.004 
194 UHA-0214    (0)   :  0.002 0.003 0.590 0.002 0.005 0.394 0.003 0.002 
195 UHA-0215    (0)   :  0.022 0.025 0.008 0.007 0.111 0.606 0.203 0.017 
196 UHA-0216   (15)   :  0.003 0.050 0.012 0.004 0.059 0.624 0.155 0.093 
197 UHA-0217    (0)   :  0.013 0.031 0.044 0.026 0.034 0.780 0.031 0.042 
198 UHA-0218    (0)   :  0.011 0.031 0.010 0.003 0.008 0.670 0.057 0.210 
199 UHA-0219   (15)   :  0.004 0.196 0.009 0.006 0.049 0.103 0.620 0.013 
200 UHA-0220    (0)   :  0.008 0.036 0.037 0.004 0.008 0.370 0.396 0.140 
201 UHA-0221    (0)   :  0.002 0.008 0.006 0.004 0.952 0.005 0.018 0.005 
202 UHA-0222    (7)   :  0.002 0.005 0.005 0.004 0.965 0.004 0.011 0.004 
203 UHA-0223    (0)   :  0.005 0.015 0.006 0.003 0.140 0.012 0.791 0.028 
204 UHA-0224    (0)   :  0.005 0.003 0.002 0.980 0.003 0.003 0.002 0.002 
205 UHA-0225    (0)   :  0.012 0.008 0.030 0.004 0.037 0.077 0.799 0.032 
206 UHA-0226    (0)   :  0.004 0.017 0.009 0.006 0.219 0.012 0.619 0.114 
207 UHA-0227    (0)   :  0.040 0.014 0.003 0.070 0.004 0.004 0.846 0.019 
208 UHA-0228    (0)   :  0.003 0.015 0.002 0.003 0.003 0.002 0.966 0.007 
209 UHA-0229    (7)   :  0.004 0.007 0.015 0.006 0.016 0.004 0.942 0.006 
210 UHA-0230    (7)   :  0.017 0.314 0.073 0.023 0.095 0.191 0.201 0.087 
211 UHA-0231    (0)   :  0.003 0.872 0.006 0.005 0.004 0.006 0.091 0.012 
212 UHA-0232    (0)   :  0.004 0.014 0.007 0.003 0.024 0.010 0.905 0.034 
213 UHA-0233    (7)   :  0.005 0.410 0.017 0.006 0.213 0.042 0.271 0.038 
214 UHA-0238    (7)   :  0.004 0.142 0.018 0.011 0.113 0.040 0.195 0.479 
215 UHA-0239    (0)   :  0.011 0.124 0.022 0.077 0.008 0.010 0.081 0.667 
216 UHA-0240    (0)   :  0.002 0.066 0.008 0.004 0.005 0.003 0.147 0.766 
217 UHA-0241    (0)   :  0.002 0.911 0.003 0.004 0.004 0.002 0.065 0.010 
218 UHA-0242    (0)   :  0.002 0.863 0.004 0.003 0.006 0.002 0.101 0.019 
219 UHA-0243    (7)   :  0.002 0.239 0.003 0.002 0.007 0.002 0.021 0.725 
220 UHA-0244    (0)   :  0.006 0.726 0.007 0.009 0.012 0.024 0.115 0.099 
221 UHA-0245    (7)   :  0.005 0.010 0.012 0.004 0.006 0.068 0.887 0.008 
222 UHA-0246    (7)   :  0.004 0.765 0.006 0.005 0.005 0.004 0.198 0.014 
223 UHA-0247    (7)   :  0.006 0.113 0.007 0.008 0.017 0.008 0.023 0.818 
224 UHA-0248    (0)   :  0.159 0.006 0.716 0.055 0.009 0.043 0.007 0.004 
225 UHA-0249    (7)   :  0.022 0.007 0.838 0.028 0.073 0.016 0.012 0.004 
226 UHA-0251    (0)   :  0.004 0.007 0.933 0.003 0.026 0.016 0.006 0.005 
227 UHA-0252    (7)   :  0.013 0.004 0.870 0.009 0.084 0.002 0.012 0.006 
228 UHA-0254    (7)   :  0.003 0.021 0.925 0.003 0.004 0.005 0.034 0.006 
229 UHA-0255    (7)   :  0.005 0.008 0.840 0.011 0.107 0.003 0.015 0.011 
230 UHA-0256   (15)   :  0.008 0.008 0.039 0.823 0.003 0.036 0.067 0.016 
231 UHA-0257    (0)   :  0.982 0.002 0.003 0.003 0.002 0.004 0.003 0.002 
232 UHA-0258    (7)   :  0.857 0.013 0.005 0.036 0.002 0.060 0.019 0.009 
233 UHA-0259    (7)   :  0.011 0.006 0.006 0.893 0.003 0.033 0.015 0.033 
234 UHA-0260    (0)   :  0.985 0.002 0.002 0.004 0.002 0.002 0.002 0.002 
235 UHA-0261    (0)   :  0.972 0.003 0.002 0.011 0.003 0.003 0.003 0.003 
236 UHA-0262    (0)   :  0.003 0.002 0.003 0.981 0.003 0.004 0.003 0.002 
237 UHA-0263    (0)   :  0.004 0.002 0.002 0.982 0.002 0.002 0.002 0.002 
238 UHA-0264    (0)   :  0.005 0.007 0.002 0.970 0.003 0.004 0.005 0.004 
239 UHA-0265    (0)   :  0.003 0.004 0.002 0.981 0.002 0.002 0.003 0.002 
240 UHA-0266    (7)   :  0.008 0.003 0.003 0.978 0.002 0.002 0.003 0.003 
241 UHA-0267    (0)   :  0.004 0.002 0.002 0.984 0.002 0.002 0.002 0.002 
242 UHA-0273    (7)   :  0.038 0.005 0.163 0.018 0.747 0.011 0.007 0.011 
243 UHA-0282    (0)   :  0.004 0.453 0.004 0.002 0.007 0.004 0.410 0.115 
244 UHA-0283    (7)   :  0.002 0.004 0.004 0.004 0.003 0.976 0.004 0.003 
245 UHA-0284    (0)   :  0.007 0.020 0.004 0.005 0.017 0.004 0.878 0.066 
246 UHA-0285    (0)   :  0.002 0.003 0.003 0.002 0.004 0.982 0.002 0.002 
247 UHA-0286    (0)   :  0.008 0.068 0.024 0.004 0.003 0.690 0.010 0.193 
248 UHA-0287   (23)   :  0.002 0.003 0.010 0.003 0.006 0.968 0.004 0.004 
249 UHA-0288    (7)   :  0.024 0.123 0.013 0.047 0.004 0.006 0.743 0.040 
250 UHA-0289    (7)   :  0.002 0.941 0.013 0.003 0.003 0.004 0.021 0.015 
251 UHA-0294    (7)   :  0.005 0.921 0.007 0.006 0.014 0.007 0.012 0.029 
252 UHA-0295   (15)   :  0.008 0.389 0.008 0.011 0.060 0.015 0.142 0.368 
253 UHA-0299    (0)   :  0.004 0.448 0.004 0.006 0.004 0.003 0.019 0.512 
254 UHA-0300    (0)   :  0.002 0.003 0.028 0.002 0.017 0.939 0.006 0.003 
255 UHA-0301    (0)   :  0.002 0.393 0.003 0.004 0.003 0.002 0.583 0.009 
256 UHA-0302    (7)   :  0.003 0.023 0.003 0.006 0.005 0.003 0.949 0.008 
257 UHA-0303    (0)   :  0.006 0.469 0.007 0.007 0.011 0.014 0.468 0.018 
258 UHA-0304    (0)   :  0.006 0.012 0.037 0.004 0.003 0.013 0.754 0.170 
259 UHA-0305    (7)   :  0.002 0.375 0.004 0.004 0.003 0.003 0.601 0.007 
260 UHA-0306   (15)   :  0.006 0.391 0.007 0.006 0.005 0.003 0.563 0.020 
261 UHA-0307    (0)   :  0.005 0.007 0.003 0.003 0.004 0.003 0.005 0.971 
262 UHA-0308   (15)   :  0.003 0.290 0.005 0.003 0.011 0.007 0.656 0.026 
263 UHA-0309    (0)   :  0.002 0.008 0.008 0.002 0.004 0.005 0.012 0.960 
264 UHA-0310    (0)   :  0.003 0.046 0.005 0.002 0.011 0.002 0.014 0.917 
265 UHA-0311    (0)   :  0.002 0.009 0.004 0.002 0.005 0.972 0.003 0.003 
266 UHA-0312    (7)   :  0.004 0.093 0.009 0.003 0.008 0.015 0.277 0.590 
267 UHA-0313    (0)   :  0.003 0.054 0.007 0.003 0.004 0.019 0.114 0.796 
268 UHA-0314   (23)   :  0.009 0.006 0.007 0.007 0.004 0.959 0.003 0.004 
269 UHA-0316    (0)   :  0.013 0.032 0.005 0.005 0.007 0.004 0.016 0.918 
270 UHA-0317    (7)   :  0.107 0.584 0.014 0.008 0.007 0.018 0.058 0.204 
271 UHA-0318    (7)   :  0.003 0.015 0.006 0.003 0.006 0.003 0.609 0.355 
272 UHA-0319    (0)   :  0.002 0.004 0.003 0.002 0.005 0.979 0.003 0.004 
273 UHA-0320    (0)   :  0.005 0.006 0.004 0.058 0.005 0.916 0.004 0.003 
274 UHA-0321    (7)   :  0.003 0.071 0.011 0.005 0.006 0.003 0.885 0.016 
275 UHA-0322    (0)   :  0.005 0.005 0.004 0.006 0.010 0.007 0.011 0.951 
276 UHA-0323    (0)   :  0.003 0.014 0.009 0.003 0.023 0.931 0.010 0.007 
277 UHA-0324    (7)   :  0.004 0.005 0.004 0.015 0.003 0.959 0.004 0.006 
278 UHA-0325    (0)   :  0.007 0.003 0.005 0.003 0.005 0.972 0.003 0.003 
279 UHA-0326    (0)   :  0.002 0.008 0.003 0.004 0.003 0.963 0.009 0.008 
280 UHA-0327    (7)   :  0.003 0.004 0.004 0.004 0.003 0.975 0.003 0.005 
281 UHA-0329    (0)   :  0.002 0.122 0.022 0.003 0.012 0.004 0.787 0.049 
282 UHA-0330    (0)   :  0.003 0.201 0.014 0.002 0.006 0.007 0.711 0.054 
283 UHA-0331   (23)   :  0.005 0.004 0.009 0.006 0.004 0.963 0.004 0.005 
284 UHA-0332    (0)   :  0.003 0.871 0.003 0.004 0.007 0.002 0.010 0.099 
285 UHA-0333    (0)   :  0.002 0.003 0.005 0.002 0.003 0.978 0.003 0.003 
286 UHA-0334    (0)   :  0.005 0.004 0.009 0.002 0.004 0.965 0.007 0.004 
287 UHA-0335   (15)   :  0.003 0.121 0.008 0.003 0.010 0.004 0.765 0.087 
288 UHA-0337    (0)   :  0.004 0.031 0.005 0.006 0.051 0.005 0.383 0.516 
289 UHA-0338    (7)   :  0.007 0.010 0.093 0.006 0.006 0.836 0.014 0.028 
290 UHA-0339    (0)   :  0.003 0.007 0.008 0.002 0.008 0.923 0.044 0.006 
291 UHA-0340    (0)   :  0.011 0.275 0.049 0.008 0.106 0.006 0.492 0.054 
292 UHA-0343    (0)   :  0.007 0.072 0.025 0.004 0.003 0.689 0.010 0.190 
293 UHA-0345    (0)   :  0.002 0.942 0.006 0.014 0.003 0.002 0.017 0.014 
294 UHA-0346    (7)   :  0.003 0.637 0.019 0.002 0.009 0.022 0.241 0.067 
295 UHA-0347    (7)   :  0.003 0.233 0.006 0.026 0.008 0.003 0.177 0.545 
296 UHA-0348    (0)   :  0.004 0.056 0.003 0.004 0.026 0.003 0.017 0.887 
297 UHA-0349   (23)   :  0.006 0.367 0.004 0.004 0.006 0.003 0.012 0.597 
298 UHA-0350    (0)   :  0.003 0.003 0.003 0.004 0.002 0.979 0.003 0.004 
299 UHA-0354    (0)   :  0.006 0.104 0.063 0.005 0.222 0.018 0.026 0.555 
300 UHA-0352    (7)   :  0.003 0.611 0.004 0.003 0.011 0.004 0.174 0.192 
301 UHA-0353    (7)   :  0.002 0.199 0.014 0.004 0.024 0.006 0.111 0.640 
302 UHA-0172    (0)   :  0.002 0.005 0.003 0.002 0.975 0.002 0.005 0.007 
303 UHA-0174    (0)   :  0.008 0.129 0.056 0.007 0.229 0.012 0.043 0.515 
304 UHA-0175    (0)   :  0.006 0.601 0.009 0.009 0.014 0.003 0.124 0.235 
305 UHA-0176    (0)   :  0.005 0.002 0.003 0.009 0.005 0.969 0.004 0.003 
306 UHA-0177    (7)   :  0.015 0.127 0.037 0.009 0.010 0.009 0.554 0.240 
307 UHA-0178    (0)   :  0.003 0.002 0.002 0.011 0.008 0.966 0.005 0.004 
308 UHA-0179    (7)   :  0.003 0.012 0.140 0.004 0.784 0.028 0.013 0.015 
309 UHA-0189    (0)   :  0.010 0.003 0.004 0.006 0.004 0.966 0.003 0.003 
310 UHA-0190    (0)   :  0.004 0.003 0.005 0.003 0.005 0.974 0.003 0.003 
311 UHA-0199    (7)   :  0.004 0.009 0.013 0.004 0.945 0.008 0.010 0.008 
312 UHA-0276    (0)   :  0.002 0.003 0.976 0.002 0.004 0.005 0.003 0.004 
313 UHA-0277    (7)   :  0.002 0.006 0.933 0.003 0.003 0.043 0.005 0.005 
314 UHA-0203    (7)   :  0.002 0.002 0.003 0.002 0.983 0.003 0.002 0.003 
315 UHA-0204    (0)   :  0.002 0.004 0.004 0.004 0.973 0.004 0.005 0.005 
316 UHA-0234    (0)   :  0.003 0.339 0.005 0.003 0.019 0.009 0.460 0.162 
317 UHA-0235    (0)   :  0.005 0.721 0.008 0.005 0.059 0.004 0.040 0.157 
318 UHA-0236    (0)   :  0.003 0.029 0.034 0.012 0.686 0.078 0.038 0.120 
319 UHA-0268    (0)   :  0.348 0.058 0.104 0.406 0.005 0.004 0.060 0.015 
320 UHA-0269    (0)   :  0.022 0.006 0.888 0.054 0.004 0.005 0.005 0.016 
321 UHA-0270    (7)   :  0.093 0.039 0.076 0.160 0.009 0.275 0.227 0.122 
322 UHA-0271    (0)   :  0.092 0.019 0.017 0.361 0.030 0.419 0.049 0.012 
323 UHA-0272    (0)   :  0.585 0.014 0.013 0.009 0.047 0.010 0.158 0.164 
324 UHA-0355    (7)   :  0.003 0.292 0.027 0.002 0.028 0.003 0.295 0.348 
325 UHA-0356    (0)   :  0.024 0.103 0.007 0.056 0.007 0.003 0.010 0.791 
326 UHA-0357    (0)   :  0.006 0.017 0.009 0.003 0.005 0.012 0.784 0.165 
327 UHA-0358    (0)   :  0.003 0.054 0.005 0.015 0.006 0.003 0.843 0.070 
328 UHA-0359    (0)   :  0.004 0.065 0.026 0.011 0.011 0.030 0.017 0.838 
329 UHA-0361   (23)   :  0.012 0.092 0.006 0.004 0.007 0.008 0.016 0.854 
330 UHA-0362    (0)   :  0.017 0.704 0.003 0.006 0.006 0.008 0.065 0.190 
331 UHA-0363   (15)   :  0.006 0.051 0.004 0.004 0.026 0.005 0.655 0.248 
332 UHA-0379    (0)   :  0.037 0.002 0.003 0.083 0.003 0.868 0.002 0.003 
333 UHA-0365    (0)   :  0.004 0.006 0.002 0.002 0.004 0.003 0.008 0.971 
334 UHA-0366    (0)   :  0.011 0.009 0.022 0.016 0.010 0.005 0.019 0.908 
335 UHA-0367    (0)   :  0.005 0.009 0.008 0.005 0.009 0.940 0.018 0.006 
336 UHA-0368    (0)   :  0.004 0.003 0.007 0.002 0.005 0.972 0.003 0.003 
337 UHA-0369    (0)   :  0.002 0.002 0.002 0.003 0.002 0.984 0.002 0.002 
338 UHA-0370    (7)   :  0.003 0.005 0.008 0.003 0.012 0.953 0.008 0.008 
339 UHA-0371    (7)   :  0.120 0.009 0.006 0.005 0.003 0.845 0.007 0.004 
340 UHA-0372    (7)   :  0.008 0.015 0.004 0.013 0.020 0.005 0.017 0.919 
341 UHA-0373   (15)   :  0.002 0.954 0.010 0.002 0.003 0.003 0.010 0.015 
342 UHA-0374    (0)   :  0.002 0.258 0.146 0.006 0.087 0.004 0.121 0.376 
343 UHA-0375    (0)   :  0.004 0.959 0.006 0.004 0.008 0.004 0.006 0.009 
344 UHA-0376    (0)   :  0.002 0.547 0.003 0.004 0.025 0.003 0.396 0.021 
345 UHA-0377    (0)   :  0.002 0.003 0.003 0.003 0.003 0.981 0.003 0.003 
346 UHA-0378    (0)   :  0.004 0.004 0.003 0.004 0.003 0.977 0.002 0.003 
347 UHA-0380    (7)   :  0.004 0.007 0.012 0.011 0.004 0.934 0.009 0.019 
348 UHA-0381    (0)   :  0.002 0.004 0.013 0.003 0.004 0.965 0.005 0.004 
349 UHA-0382    (0)   :  0.003 0.003 0.007 0.002 0.008 0.972 0.003 0.003 
350 UHA-0383   (15)   :  0.009 0.005 0.015 0.003 0.058 0.895 0.010 0.006 
351 UHA-0384    (7)   :  0.002 0.010 0.006 0.003 0.002 0.959 0.009 0.009 
352 UHA-0385    (0)   :  0.003 0.003 0.004 0.002 0.004 0.965 0.014 0.005 
353 UHA-0386    (7)   :  0.002 0.002 0.003 0.002 0.002 0.984 0.003 0.002 
354 UHA-0387    (0)   :  0.002 0.004 0.002 0.002 0.002 0.974 0.006 0.007 
355 UHA-0388    (0)   :  0.004 0.004 0.003 0.006 0.002 0.971 0.004 0.006 
356 UHA-0389    (7)   :  0.003 0.009 0.004 0.003 0.005 0.964 0.006 0.005 
357 UHA-0390    (0)   :  0.003 0.003 0.002 0.003 0.002 0.982 0.003 0.002 
358 UHA-0391    (0)   :  0.004 0.007 0.028 0.004 0.003 0.943 0.004 0.007 
359 UHA-0392    (0)   :  0.035 0.002 0.003 0.069 0.003 0.882 0.002 0.003 
360 UHA-0393    (0)   :  0.005 0.003 0.010 0.006 0.003 0.964 0.004 0.005 
361 UHA-0394    (0)   :  0.003 0.006 0.010 0.002 0.009 0.924 0.033 0.012 
362 UHA-0395    (7)   :  0.005 0.088 0.007 0.006 0.004 0.009 0.872 0.009 
363 UHA-0396    (0)   :  0.004 0.090 0.010 0.003 0.005 0.009 0.871 0.009 
364 UHA-0397    (7)   :  0.004 0.099 0.006 0.010 0.037 0.012 0.182 0.649 
365 UHA-0398    (0)   :  0.021 0.174 0.188 0.050 0.023 0.011 0.211 0.323 
366 UHA-0399    (7)   :  0.004 0.020 0.005 0.003 0.005 0.005 0.940 0.018 
367 UHA-0400    (0)   :  0.004 0.067 0.002 0.003 0.003 0.002 0.008 0.911 
368 UHA-0401   (15)   :  0.005 0.138 0.012 0.004 0.005 0.009 0.806 0.020 
369 UHA-0402   (23)   :  0.005 0.044 0.005 0.003 0.006 0.008 0.457 0.471 
370 UHA-0404    (0)   :  0.004 0.005 0.004 0.014 0.004 0.948 0.019 0.004 
371 UHA-0405    (0)   :  0.006 0.061 0.009 0.003 0.017 0.031 0.829 0.044 
372 UHA-0406    (0)   :  0.002 0.930 0.002 0.003 0.003 0.002 0.040 0.018 
373 UHA-0407    (0)   :  0.005 0.024 0.004 0.002 0.003 0.003 0.123 0.836 
374 UHA-0408    (0)   :  0.002 0.003 0.003 0.002 0.002 0.981 0.004 0.003 
375 UHA-0409    (0)   :  0.024 0.074 0.003 0.006 0.003 0.002 0.724 0.164 
376 UHA-0410    (0)   :  0.002 0.007 0.004 0.003 0.003 0.969 0.004 0.008 
377 UHA-0411    (7)   :  0.004 0.037 0.003 0.002 0.005 0.003 0.840 0.106 
378 UHA-0412    (0)   :  0.002 0.007 0.004 0.003 0.003 0.969 0.004 0.008 
379 UHA-0413    (0)   :  0.002 0.815 0.005 0.013 0.005 0.049 0.071 0.039 
380 UHA-0414    (0)   :  0.002 0.004 0.003 0.002 0.004 0.977 0.005 0.004 
381 UHA-0415    (0)   :  0.002 0.003 0.003 0.002 0.003 0.982 0.003 0.003 
382 UHA-0416    (0)   :  0.003 0.004 0.008 0.003 0.002 0.970 0.005 0.004 
383 UHA-0417    (0)   :  0.100 0.005 0.006 0.062 0.003 0.814 0.005 0.006 
384 UHA-0418    (0)   :  0.002 0.002 0.003 0.003 0.003 0.983 0.002 0.002 
385 UHA-0419    (0)   :  0.002 0.004 0.004 0.002 0.004 0.978 0.003 0.003 
386 UHA-0420    (0)   :  0.003 0.832 0.004 0.003 0.004 0.002 0.110 0.041 
387 UHA-0421    (0)   :  0.004 0.019 0.010 0.010 0.005 0.015 0.010 0.926 
388 UHA-0422    (0)   :  0.012 0.058 0.016 0.004 0.005 0.816 0.026 0.064 
389 UHA-0423    (0)   :  0.003 0.004 0.004 0.003 0.003 0.971 0.006 0.006 
390 UHA-0424    (0)   :  0.003 0.062 0.006 0.005 0.050 0.014 0.520 0.341 
391 UHA-0425    (0)   :  0.017 0.097 0.004 0.025 0.003 0.002 0.012 0.839 
392 UHA-0461    (0)   :  0.007 0.419 0.017 0.007 0.037 0.011 0.423 0.081 
393 UHA-0462    (7)   :  0.003 0.486 0.004 0.008 0.004 0.003 0.484 0.008 
394 UHA-0463    (7)   :  0.002 0.947 0.002 0.002 0.003 0.002 0.007 0.034 
395 UHA-0464    (0)   :  0.003 0.936 0.003 0.004 0.003 0.003 0.011 0.037 
396 UHA-0465    (0)   :  0.035 0.824 0.005 0.080 0.005 0.003 0.013 0.036 
397 UHA-0466    (0)   :  0.002 0.096 0.004 0.002 0.023 0.003 0.694 0.176 
398 UHA-0467    (7)   :  0.004 0.086 0.006 0.004 0.011 0.003 0.453 0.434 
399 UHA-0468    (0)   :  0.009 0.365 0.013 0.028 0.018 0.005 0.455 0.109 
400 UHA-0469    (0)   :  0.007 0.540 0.010 0.007 0.013 0.005 0.049 0.368 
401 UHA-0470    (0)   :  0.003 0.013 0.006 0.004 0.004 0.010 0.021 0.940 
402 UHA-0471    (0)   :  0.002 0.007 0.003 0.002 0.013 0.002 0.008 0.962 
403 UHA-0472    (7)   :  0.003 0.254 0.010 0.002 0.004 0.003 0.652 0.072 
404 UHA-0473    (0)   :  0.007 0.041 0.009 0.011 0.007 0.003 0.907 0.015 
405 UHA-0474    (0)   :  0.003 0.604 0.011 0.004 0.037 0.006 0.270 0.063 
406 UHA-0475    (0)   :  0.002 0.849 0.003 0.002 0.007 0.002 0.069 0.066 
407 UHA-0180    (0)   :  0.003 0.031 0.004 0.003 0.003 0.002 0.946 0.009 
408 UHA-0181    (0)   :  0.004 0.320 0.012 0.006 0.004 0.003 0.038 0.613 
409 UHA-0182    (7)   :  0.008 0.061 0.154 0.004 0.081 0.002 0.029 0.661 
410 UHA-0278    (0)   :  0.004 0.003 0.972 0.004 0.004 0.005 0.003 0.006 
411 UHA-0279    (0)   :  0.002 0.005 0.003 0.003 0.012 0.965 0.005 0.005 
412 UHA-0280    (0)   :  0.002 0.166 0.005 0.003 0.012 0.005 0.070 0.738 
413 UHA-0291    (0)   :  0.003 0.002 0.002 0.002 0.003 0.984 0.002 0.002 
414 UHA-0315    (0)   :  0.004 0.161 0.026 0.024 0.382 0.047 0.083 0.272 
415 UHA-0328    (0)   :  0.002 0.433 0.003 0.004 0.003 0.003 0.538 0.014 
416 UHA-0344    (0)   :  0.002 0.869 0.004 0.002 0.005 0.002 0.075 0.041 
417 UHA-0351    (0)   :  0.971 0.004 0.002 0.011 0.002 0.003 0.003 0.003 


Estimated Allele Frequencies in each cluster
First column gives estimated ancestral frequencies


Locus 1 : 
10 alleles
1.9% missing data
   4   (0.187) 0.055 0.132 0.250 0.510 0.031 0.393 0.185 0.170 
   3   (0.546) 0.727 0.689 0.610 0.474 0.314 0.452 0.592 0.664 
   2   (0.122) 0.080 0.151 0.059 0.013 0.071 0.120 0.141 0.048 
   9   (0.015) 0.137 0.002 0.004 0.000 0.002 0.000 0.002 0.002 
   8   (0.014) 0.000 0.002 0.018 0.001 0.002 0.000 0.002 0.004 
   5   (0.049) 0.001 0.014 0.017 0.001 0.572 0.001 0.031 0.101 
  10   (0.014) 0.000 0.002 0.026 0.000 0.002 0.000 0.002 0.002 
   7   (0.017) 0.000 0.003 0.004 0.000 0.002 0.000 0.031 0.003 
   6   (0.016) 0.000 0.002 0.005 0.000 0.002 0.026 0.002 0.002 
   1   (0.020) 0.000 0.004 0.006 0.000 0.003 0.005 0.012 0.003 

Locus 2 : 
20 alleles
1.0% missing data
  13   (0.160) 0.363 0.263 0.051 0.470 0.115 0.006 0.299 0.154 
  15   (0.131) 0.180 0.114 0.125 0.298 0.070 0.004 0.069 0.219 
   6   (0.028) 0.183 0.003 0.013 0.143 0.011 0.001 0.003 0.004 
  14   (0.131) 0.268 0.204 0.059 0.004 0.049 0.005 0.226 0.258 
   3   (0.018) 0.000 0.002 0.006 0.000 0.002 0.861 0.002 0.003 
  17   (0.040) 0.001 0.109 0.019 0.001 0.009 0.001 0.040 0.019 
   5   (0.015) 0.000 0.002 0.004 0.078 0.002 0.000 0.002 0.002 
   8   (0.048) 0.001 0.013 0.076 0.001 0.112 0.022 0.011 0.016 
   4   (0.014) 0.000 0.002 0.004 0.000 0.002 0.066 0.002 0.002 
  12   (0.034) 0.000 0.006 0.079 0.000 0.281 0.001 0.007 0.008 
  11   (0.090) 0.001 0.114 0.087 0.001 0.226 0.015 0.060 0.061 
   9   (0.044) 0.000 0.036 0.070 0.000 0.006 0.005 0.037 0.014 
  10   (0.042) 0.000 0.016 0.155 0.000 0.006 0.002 0.036 0.015 
  18   (0.046) 0.000 0.029 0.016 0.001 0.006 0.002 0.115 0.076 
   2   (0.021) 0.000 0.003 0.008 0.000 0.063 0.004 0.002 0.003 
  16   (0.069) 0.001 0.055 0.062 0.001 0.032 0.002 0.064 0.115 
   7   (0.017) 0.000 0.002 0.150 0.000 0.002 0.000 0.002 0.002 
  19   (0.018) 0.000 0.018 0.005 0.000 0.002 0.001 0.007 0.003 
   1   (0.015) 0.000 0.002 0.004 0.000 0.002 0.000 0.010 0.003 
  20   (0.020) 0.000 0.008 0.006 0.000 0.002 0.001 0.007 0.023 

Locus 3 : 
21 alleles
0.5% missing data
   1   (0.074) 0.145 0.057 0.102 0.059 0.014 0.006 0.107 0.047 
  12   (0.060) 0.130 0.021 0.020 0.281 0.065 0.051 0.039 0.017 
  13   (0.069) 0.200 0.069 0.111 0.336 0.050 0.002 0.055 0.014 
  11   (0.066) 0.068 0.041 0.038 0.160 0.022 0.012 0.035 0.064 
   5   (0.116) 0.036 0.179 0.165 0.002 0.020 0.371 0.166 0.147 
   6   (0.058) 0.109 0.017 0.055 0.151 0.024 0.134 0.012 0.027 
   2   (0.064) 0.119 0.228 0.023 0.001 0.031 0.002 0.033 0.190 
  10   (0.080) 0.189 0.056 0.106 0.001 0.110 0.025 0.056 0.041 
   4   (0.067) 0.001 0.013 0.173 0.001 0.123 0.166 0.066 0.039 
  15   (0.035) 0.000 0.012 0.011 0.004 0.096 0.024 0.007 0.015 
   8   (0.088) 0.002 0.236 0.029 0.001 0.022 0.048 0.211 0.242 
   9   (0.043) 0.000 0.023 0.013 0.000 0.183 0.002 0.029 0.114 
  16   (0.020) 0.000 0.002 0.005 0.000 0.063 0.026 0.002 0.003 
   3   (0.025) 0.000 0.004 0.051 0.000 0.003 0.001 0.100 0.007 
   7   (0.052) 0.000 0.031 0.065 0.001 0.068 0.089 0.067 0.011 
  14   (0.017) 0.000 0.002 0.005 0.000 0.065 0.000 0.002 0.012 
  18   (0.011) 0.000 0.001 0.008 0.000 0.015 0.000 0.001 0.002 
  20   (0.013) 0.000 0.002 0.004 0.000 0.002 0.026 0.001 0.002 
  19   (0.012) 0.000 0.002 0.004 0.000 0.002 0.006 0.001 0.002 
  21   (0.014) 0.000 0.002 0.004 0.000 0.021 0.000 0.002 0.002 
  17   (0.016) 0.000 0.002 0.008 0.000 0.002 0.008 0.005 0.004 

Locus 4 : 
7 alleles
5.8% missing data
   3   (0.417) 0.389 0.284 0.431 0.653 0.868 0.780 0.113 0.172 
   5   (0.059) 0.451 0.009 0.066 0.340 0.008 0.002 0.008 0.031 
   4   (0.043) 0.155 0.006 0.236 0.001 0.016 0.001 0.005 0.007 
   2   (0.425) 0.004 0.694 0.137 0.007 0.089 0.215 0.868 0.782 
   6   (0.022) 0.000 0.003 0.095 0.000 0.003 0.001 0.002 0.003 
   1   (0.018) 0.000 0.002 0.027 0.000 0.002 0.001 0.002 0.003 
   7   (0.017) 0.000 0.002 0.010 0.000 0.016 0.001 0.002 0.003 

Locus 5 : 
23 alleles
2.9% missing data
  13   (0.055) 0.001 0.020 0.022 0.389 0.048 0.171 0.055 0.048 
   8   (0.079) 0.282 0.056 0.077 0.054 0.073 0.072 0.039 0.049 
  15   (0.070) 0.526 0.057 0.021 0.085 0.051 0.005 0.071 0.164 
  11   (0.102) 0.036 0.148 0.081 0.060 0.033 0.029 0.128 0.159 
  17   (0.063) 0.046 0.055 0.027 0.014 0.015 0.017 0.071 0.096 
  19   (0.049) 0.102 0.017 0.015 0.092 0.007 0.096 0.037 0.030 
  12   (0.079) 0.001 0.062 0.032 0.098 0.233 0.039 0.187 0.111 
  14   (0.058) 0.001 0.035 0.016 0.071 0.186 0.159 0.047 0.031 
  18   (0.037) 0.000 0.025 0.016 0.055 0.004 0.107 0.005 0.019 
  16   (0.067) 0.001 0.132 0.021 0.001 0.189 0.050 0.089 0.113 
  22   (0.028) 0.002 0.016 0.012 0.063 0.004 0.005 0.018 0.008 
   9   (0.040) 0.000 0.009 0.345 0.001 0.015 0.103 0.024 0.012 
  21   (0.030) 0.000 0.006 0.010 0.013 0.004 0.058 0.078 0.008 
   5   (0.037) 0.000 0.079 0.011 0.000 0.026 0.029 0.019 0.024 
   7   (0.025) 0.000 0.086 0.007 0.000 0.080 0.001 0.008 0.008 
  10   (0.048) 0.000 0.144 0.043 0.001 0.010 0.027 0.038 0.041 
   1   (0.012) 0.000 0.001 0.048 0.000 0.001 0.000 0.001 0.002 
   4   (0.025) 0.000 0.006 0.083 0.000 0.006 0.001 0.041 0.008 
   3   (0.013) 0.000 0.022 0.003 0.000 0.002 0.000 0.003 0.003 
  20   (0.029) 0.000 0.004 0.060 0.002 0.004 0.021 0.024 0.006 
   6   (0.031) 0.000 0.016 0.036 0.000 0.006 0.001 0.014 0.055 
  23   (0.011) 0.000 0.002 0.009 0.000 0.002 0.004 0.002 0.002 
   2   (0.013) 0.000 0.002 0.004 0.000 0.002 0.006 0.002 0.002 

Locus 6 : 
8 alleles
0.0% missing data
   2   (0.787) 0.695 0.963 0.596 0.850 0.947 0.864 0.945 0.906 
   3   (0.087) 0.193 0.016 0.093 0.146 0.017 0.038 0.040 0.062 
   7   (0.017) 0.112 0.002 0.005 0.002 0.002 0.000 0.002 0.002 
   1   (0.033) 0.000 0.004 0.163 0.000 0.010 0.077 0.004 0.005 
   4   (0.034) 0.000 0.008 0.105 0.000 0.004 0.016 0.004 0.016 
   6   (0.015) 0.000 0.002 0.007 0.000 0.017 0.000 0.002 0.002 
   5   (0.015) 0.000 0.002 0.026 0.000 0.002 0.000 0.002 0.002 
   8   (0.014) 0.000 0.003 0.005 0.000 0.002 0.004 0.002 0.004 

Locus 7 : 
20 alleles
3.6% missing data
   3   (0.138) 0.062 0.120 0.066 0.059 0.303 0.236 0.175 0.256 
  15   (0.022) 0.000 0.017 0.012 0.004 0.003 0.018 0.003 0.007 
  12   (0.052) 0.299 0.015 0.053 0.283 0.006 0.018 0.013 0.067 
   8   (0.053) 0.151 0.012 0.023 0.001 0.051 0.063 0.085 0.026 
  10   (0.060) 0.001 0.044 0.059 0.036 0.086 0.046 0.017 0.033 
