

----------------------------------------------------
STRUCTURE by Pritchard, Stephens and Donnelly (2000)
     and Falush, Stephens and Pritchard (2003)
       Code by Pritchard, Falush and Hubisz
             Version 2.3.4 (Jul 2012)
----------------------------------------------------



Command line arguments:   bin\structure -m C:\Users\eschumacher\Documents\GitHub\USBGHybridAcornsREU2023\Analysis\STRUCTURE\All_Loci\UHA_all_loci_nopop\200-200\mainparams -e C:\Users\eschumacher\Documents\GitHub\USBGHybridAcornsREU2023\Analysis\STRUCTURE\All_Loci\UHA_all_loci_nopop\200-200\extraparams 
Input File:    C:\Users\eschumacher\Documents\GitHub\USBGHybridAcornsREU2023\Analysis\STRUCTURE\All_Loci\UHA_all_loci_nopop\project_data

Run parameters:
   417 individuals
   13 loci
   8 populations assumed
   200000 Burn-in period
   200000 Reps


--------------------------------------------
Overall proportion of membership of the
sample in each of the 8 clusters

Inferred Clusters
  1      2      3      4      5      6      7      8    
0.048  0.212  0.179  0.056  0.131  0.020  0.209  0.145  

--------------------------------------------

Allele-freq. divergence among pops (Net nucleotide distance),
computed using point estimates of P.

      1       2       3       4       5       6       7       8      
 1      -    0.1245  0.1168  0.0648  0.0492  0.0906  0.1337  0.0446  
 2   0.1245     -    0.1992  0.1939  0.1785  0.2184  0.0877  0.1829  
 3   0.1168  0.1992     -    0.1781  0.1883  0.1684  0.2075  0.1804  
 4   0.0648  0.1939  0.1781     -    0.1110  0.1684  0.2144  0.1114  
 5   0.0492  0.1785  0.1883  0.1110     -    0.1340  0.2051  0.0145  
 6   0.0906  0.2184  0.1684  0.1684  0.1340     -    0.2096  0.1236  
 7   0.1337  0.0877  0.2075  0.2144  0.2051  0.2096     -    0.1911  
 8   0.0446  0.1829  0.1804  0.1114  0.0145  0.1236  0.1911     -    

Average distances (expected heterozygosity) between individuals in same cluster:
cluster  1  : 0.7742 
cluster  2  : 0.5411 
cluster  3  : 0.5031 
cluster  4  : 0.6566 
cluster  5  : 0.6925 
cluster  6  : 0.7191 
cluster  7  : 0.5246 
cluster  8  : 0.6998 

--------------------------------------------
Estimated Ln Prob of Data   = -15201.5
Mean value of ln likelihood = -14676.3
Variance of ln likelihood   = 1050.4
Mean value of alpha         = 0.0317

Mean value of Fst_1         = 0.0506
Mean value of Fst_2         = 0.3598
Mean value of Fst_3         = 0.1922
Mean value of Fst_4         = 0.1591
Mean value of Fst_5         = 0.0828
Mean value of Fst_6         = 0.2341
Mean value of Fst_7         = 0.4096
Mean value of Fst_8         = 0.0747


Inferred ancestry of individuals:
        Label (%Miss) :  Inferred clusters
  1 UHA-0126    (0)   :  0.006 0.946 0.007 0.003 0.004 0.023 0.004 0.006 
  2 UHA-0127   (15)   :  0.003 0.976 0.003 0.002 0.002 0.002 0.009 0.002 
  3 UHA-0135    (0)   :  0.004 0.077 0.008 0.002 0.003 0.003 0.899 0.004 
  4 UHA-0166    (0)   :  0.054 0.784 0.004 0.018 0.011 0.009 0.110 0.010 
  5 UHA-0169    (0)   :  0.261 0.673 0.013 0.005 0.011 0.016 0.012 0.008 
  6 UHA-0058    (7)   :  0.003 0.012 0.003 0.003 0.003 0.002 0.971 0.003 
  7 UHA-0020    (0)   :  0.002 0.004 0.002 0.002 0.002 0.002 0.985 0.002 
  8 UHA-0023   (15)   :  0.003 0.013 0.003 0.002 0.002 0.002 0.973 0.002 
  9 UHA-0025    (0)   :  0.003 0.004 0.004 0.002 0.003 0.004 0.975 0.003 
 10 UHA-0026    (7)   :  0.003 0.024 0.003 0.003 0.003 0.002 0.959 0.004 
 11 UHA-0027    (0)   :  0.002 0.004 0.002 0.002 0.002 0.002 0.982 0.002 
 12 UHA-0028    (0)   :  0.002 0.005 0.002 0.002 0.002 0.002 0.984 0.002 
 13 UHA-0099    (0)   :  0.003 0.004 0.012 0.002 0.004 0.003 0.969 0.003 
 14 UHA-0029    (0)   :  0.002 0.004 0.003 0.002 0.002 0.002 0.982 0.002 
 15 UHA-0043   (15)   :  0.004 0.010 0.004 0.003 0.003 0.002 0.971 0.003 
 16 UHA-0045    (0)   :  0.002 0.007 0.002 0.002 0.002 0.002 0.980 0.002 
 17 UHA-0047    (0)   :  0.004 0.010 0.009 0.003 0.003 0.002 0.967 0.003 
 18 UHA-0050    (0)   :  0.008 0.076 0.003 0.005 0.009 0.002 0.891 0.006 
 19 UHA-0052    (0)   :  0.006 0.009 0.004 0.003 0.004 0.019 0.946 0.009 
 20 UHA-0056    (7)   :  0.004 0.487 0.015 0.003 0.004 0.003 0.479 0.005 
 21 UHA-0068    (7)   :  0.003 0.976 0.004 0.003 0.003 0.002 0.007 0.003 
 22 UHA-0070    (0)   :  0.002 0.983 0.003 0.003 0.002 0.002 0.003 0.002 
 23 UHA-0071    (7)   :  0.002 0.982 0.002 0.002 0.003 0.002 0.004 0.002 
 24 UHA-0075   (15)   :  0.009 0.767 0.004 0.004 0.013 0.003 0.190 0.011 
 25 UHA-0077    (0)   :  0.002 0.977 0.002 0.002 0.003 0.002 0.009 0.002 
 26 UHA-0079    (0)   :  0.002 0.983 0.002 0.002 0.002 0.001 0.004 0.002 
 27 UHA-0080    (7)   :  0.008 0.928 0.006 0.004 0.028 0.004 0.003 0.020 
 28 UHA-0081    (7)   :  0.002 0.982 0.002 0.002 0.002 0.002 0.005 0.002 
 29 UHA-0093   (15)   :  0.002 0.981 0.003 0.002 0.002 0.002 0.004 0.002 
 30 UHA-0094    (0)   :  0.003 0.981 0.002 0.002 0.002 0.002 0.005 0.002 
 31 UHA-0095    (0)   :  0.004 0.978 0.003 0.002 0.003 0.002 0.006 0.003 
 32 UHA-0096   (23)   :  0.004 0.959 0.003 0.003 0.003 0.002 0.022 0.003 
 33 UHA-0097    (7)   :  0.004 0.980 0.002 0.002 0.002 0.002 0.005 0.002 
 34 UHA-0098    (0)   :  0.002 0.004 0.003 0.002 0.002 0.002 0.984 0.002 
 35 UHA-0101   (15)   :  0.004 0.003 0.007 0.002 0.003 0.002 0.975 0.003 
 36 UHA-0105    (0)   :  0.003 0.003 0.002 0.002 0.002 0.002 0.983 0.002 
 37 UHA-0109    (0)   :  0.003 0.003 0.004 0.002 0.002 0.002 0.980 0.002 
 38 UHA-0111    (0)   :  0.002 0.008 0.003 0.002 0.003 0.003 0.976 0.002 
 39 UHA-0112    (7)   :  0.003 0.981 0.003 0.003 0.003 0.002 0.003 0.003 
 40 UHA-0298    (0)   :  0.003 0.018 0.003 0.002 0.004 0.002 0.965 0.003 
 41 UHA-0021    (0)   :  0.008 0.005 0.002 0.002 0.004 0.004 0.970 0.006 
 42 UHA-0022    (0)   :  0.002 0.004 0.002 0.002 0.002 0.002 0.984 0.002 
 43 UHA-0048    (0)   :  0.002 0.003 0.002 0.002 0.002 0.002 0.985 0.002 
 44 UHA-0049    (0)   :  0.002 0.006 0.002 0.002 0.002 0.002 0.983 0.002 
 45 UHA-0053    (0)   :  0.002 0.006 0.002 0.002 0.002 0.002 0.981 0.002 
 46 UHA-0054    (0)   :  0.002 0.005 0.002 0.002 0.002 0.002 0.982 0.003 
 47 UHA-0055    (0)   :  0.003 0.198 0.003 0.004 0.003 0.011 0.776 0.003 
 48 UHA-0069    (0)   :  0.002 0.984 0.002 0.002 0.002 0.002 0.003 0.002 
 49 UHA-0072    (0)   :  0.003 0.973 0.003 0.002 0.003 0.002 0.011 0.003 
 50 UHA-0073    (0)   :  0.002 0.984 0.002 0.002 0.002 0.002 0.003 0.002 
 51 UHA-0074    (0)   :  0.005 0.387 0.011 0.003 0.004 0.004 0.584 0.004 
 52 UHA-0076    (0)   :  0.002 0.983 0.002 0.002 0.002 0.002 0.005 0.002 
 53 UHA-0100    (0)   :  0.004 0.009 0.009 0.003 0.004 0.004 0.965 0.003 
 54 UHA-0102    (0)   :  0.002 0.004 0.003 0.002 0.002 0.002 0.983 0.002 
 55 UHA-0106    (0)   :  0.002 0.004 0.002 0.002 0.002 0.002 0.984 0.002 
 56 UHA-0110    (0)   :  0.003 0.010 0.007 0.002 0.003 0.003 0.969 0.003 
 57 UHA-0036    (7)   :  0.002 0.004 0.003 0.002 0.002 0.002 0.982 0.002 
 58 UHA-0037    (0)   :  0.011 0.029 0.004 0.006 0.012 0.003 0.926 0.010 
 59 UHA-0038    (0)   :  0.005 0.124 0.002 0.003 0.007 0.002 0.852 0.005 
 60 UHA-0089    (0)   :  0.002 0.985 0.002 0.002 0.002 0.002 0.003 0.002 
 61 UHA-0040    (0)   :  0.003 0.066 0.003 0.002 0.003 0.002 0.919 0.003 
 62 UHA-0041    (0)   :  0.002 0.005 0.002 0.002 0.002 0.002 0.982 0.002 
 63 UHA-0090    (0)   :  0.002 0.984 0.002 0.002 0.002 0.002 0.004 0.002 
 64 UHA-0059    (0)   :  0.002 0.003 0.002 0.002 0.002 0.002 0.987 0.002 
 65 UHA-0063    (0)   :  0.004 0.009 0.970 0.005 0.003 0.002 0.004 0.002 
 66 UHA-0082    (0)   :  0.002 0.981 0.002 0.002 0.002 0.002 0.007 0.002 
 67 UHA-0083    (0)   :  0.002 0.981 0.003 0.003 0.003 0.002 0.004 0.002 
 68 UHA-0084    (0)   :  0.002 0.977 0.003 0.002 0.003 0.002 0.008 0.002 
 69 UHA-0085    (0)   :  0.002 0.982 0.002 0.002 0.002 0.002 0.005 0.002 
 70 UHA-0086    (0)   :  0.002 0.982 0.002 0.002 0.003 0.002 0.004 0.002 
 71 UHA-0087    (0)   :  0.002 0.983 0.003 0.003 0.003 0.002 0.003 0.002 
 72 UHA-0088    (0)   :  0.002 0.980 0.003 0.003 0.003 0.002 0.005 0.002 
 73 UHA-0091    (0)   :  0.002 0.981 0.003 0.002 0.002 0.002 0.004 0.002 
 74 UHA-0113    (0)   :  0.002 0.004 0.002 0.002 0.002 0.002 0.984 0.002 
 75 UHA-0114    (7)   :  0.002 0.004 0.002 0.002 0.002 0.002 0.984 0.002 
 76 UHA-0115    (7)   :  0.005 0.012 0.028 0.003 0.006 0.004 0.936 0.006 
 77 UHA-0116    (0)   :  0.002 0.005 0.003 0.002 0.002 0.002 0.981 0.002 
 78 UHA-0118    (0)   :  0.002 0.006 0.002 0.002 0.002 0.002 0.983 0.002 
 79 UHA-0119    (0)   :  0.003 0.004 0.004 0.002 0.002 0.002 0.981 0.002 
 80 UHA-0120    (0)   :  0.002 0.004 0.002 0.002 0.002 0.002 0.981 0.002 
 81 UHA-0121    (0)   :  0.002 0.004 0.002 0.002 0.002 0.002 0.985 0.002 
 82 UHA-0122    (0)   :  0.003 0.003 0.004 0.002 0.002 0.002 0.982 0.002 
 83 UHA-0123    (0)   :  0.003 0.900 0.002 0.002 0.002 0.002 0.087 0.002 
 84 UHA-0124    (7)   :  0.003 0.147 0.003 0.002 0.003 0.002 0.836 0.003 
 85 UHA-0125    (0)   :  0.030 0.746 0.004 0.009 0.010 0.007 0.184 0.010 
 86 UHA-0128    (7)   :  0.003 0.977 0.006 0.002 0.003 0.002 0.004 0.003 
 87 UHA-0129    (7)   :  0.002 0.977 0.005 0.002 0.002 0.003 0.006 0.002 
 88 UHA-0130    (0)   :  0.002 0.981 0.002 0.002 0.003 0.002 0.005 0.003 
 89 UHA-0131    (0)   :  0.013 0.909 0.006 0.009 0.014 0.022 0.015 0.011 
 90 UHA-0132    (0)   :  0.010 0.815 0.010 0.006 0.009 0.034 0.111 0.005 
 91 UHA-0133    (7)   :  0.003 0.944 0.005 0.004 0.003 0.002 0.035 0.004 
 92 UHA-0134    (7)   :  0.003 0.980 0.002 0.002 0.003 0.002 0.006 0.003 
 93 UHA-0136    (0)   :  0.002 0.981 0.004 0.002 0.002 0.002 0.004 0.002 
 94 UHA-0137    (0)   :  0.002 0.984 0.002 0.002 0.002 0.002 0.004 0.002 
 95 UHA-0138    (0)   :  0.376 0.091 0.014 0.013 0.070 0.004 0.045 0.387 
 96 UHA-0139    (0)   :  0.004 0.094 0.003 0.003 0.004 0.002 0.884 0.005 
 97 UHA-0140    (0)   :  0.011 0.360 0.007 0.006 0.005 0.029 0.568 0.014 
 98 UHA-0141    (0)   :  0.006 0.074 0.009 0.003 0.006 0.004 0.893 0.005 
 99 UHA-0143    (0)   :  0.003 0.956 0.006 0.002 0.002 0.002 0.026 0.002 
100 UHA-0144    (0)   :  0.003 0.977 0.005 0.002 0.002 0.002 0.006 0.003 
101 UHA-0146    (7)   :  0.003 0.967 0.005 0.002 0.004 0.003 0.014 0.002 
102 UHA-0147    (7)   :  0.003 0.934 0.004 0.003 0.003 0.002 0.047 0.004 
103 UHA-0150    (0)   :  0.004 0.970 0.005 0.003 0.004 0.004 0.005 0.005 
104 UHA-0162    (7)   :  0.230 0.428 0.011 0.014 0.206 0.062 0.017 0.032 
105 UHA-0163    (0)   :  0.006 0.673 0.006 0.004 0.005 0.007 0.290 0.010 
106 UHA-0164   (15)   :  0.004 0.969 0.004 0.004 0.003 0.002 0.010 0.004 
107 UHA-0165    (0)   :  0.002 0.981 0.002 0.002 0.002 0.002 0.007 0.002 
108 UHA-0167   (23)   :  0.010 0.169 0.005 0.011 0.008 0.003 0.786 0.009 
109 UHA-0148    (0)   :  0.018 0.691 0.062 0.184 0.007 0.007 0.006 0.024 
110 UHA-0151    (0)   :  0.007 0.875 0.010 0.012 0.008 0.003 0.079 0.008 
111 UHA-0152    (0)   :  0.003 0.722 0.003 0.002 0.002 0.002 0.264 0.002 
112 UHA-0153    (0)   :  0.003 0.689 0.003 0.002 0.002 0.002 0.297 0.002 
113 UHA-0154    (0)   :  0.003 0.691 0.002 0.002 0.003 0.003 0.291 0.004 
114 UHA-0155    (0)   :  0.003 0.558 0.006 0.003 0.004 0.003 0.420 0.003 
115 UHA-0156    (0)   :  0.330 0.571 0.006 0.004 0.006 0.056 0.014 0.012 
116 UHA-0157    (7)   :  0.003 0.631 0.005 0.002 0.004 0.003 0.348 0.003 
117 UHA-0158    (0)   :  0.014 0.727 0.031 0.004 0.024 0.021 0.160 0.019 
118 UHA-0159    (0)   :  0.016 0.258 0.010 0.005 0.015 0.006 0.680 0.010 
119 UHA-0160    (0)   :  0.005 0.504 0.009 0.002 0.004 0.005 0.468 0.003 
120 UHA-0161    (0)   :  0.004 0.810 0.004 0.003 0.003 0.004 0.168 0.003 
121 UHA-0426    (0)   :  0.006 0.938 0.004 0.003 0.025 0.003 0.008 0.012 
122 UHA-0427    (0)   :  0.003 0.526 0.003 0.002 0.002 0.002 0.459 0.003 
123 UHA-0428    (0)   :  0.003 0.984 0.002 0.002 0.002 0.002 0.003 0.002 
124 UHA-0429    (0)   :  0.033 0.349 0.052 0.004 0.030 0.011 0.511 0.011 
125 UHA-0430    (0)   :  0.003 0.670 0.004 0.003 0.002 0.002 0.314 0.002 
126 UHA-0431    (0)   :  0.008 0.532 0.005 0.003 0.003 0.005 0.439 0.005 
127 UHA-0432    (7)   :  0.012 0.614 0.021 0.003 0.065 0.006 0.256 0.023 
128 UHA-0433    (0)   :  0.002 0.540 0.005 0.002 0.003 0.002 0.444 0.003 
129 UHA-0434    (0)   :  0.015 0.931 0.009 0.021 0.007 0.003 0.006 0.008 
130 UHA-0435    (0)   :  0.006 0.910 0.014 0.003 0.009 0.007 0.046 0.005 
131 UHA-0436    (0)   :  0.002 0.981 0.002 0.002 0.003 0.002 0.005 0.003 
132 UHA-0437    (0)   :  0.002 0.867 0.002 0.002 0.002 0.002 0.120 0.002 
133 UHA-0438    (0)   :  0.004 0.945 0.017 0.003 0.004 0.003 0.021 0.003 
134 UHA-0439    (0)   :  0.003 0.081 0.003 0.002 0.002 0.002 0.905 0.002 
135 UHA-0440    (0)   :  0.003 0.006 0.003 0.002 0.002 0.002 0.980 0.002 
136 UHA-0441    (0)   :  0.002 0.009 0.002 0.002 0.002 0.002 0.980 0.002 
137 UHA-0442    (0)   :  0.002 0.007 0.002 0.002 0.002 0.002 0.981 0.002 
138 UHA-0443    (0)   :  0.003 0.004 0.004 0.002 0.002 0.002 0.982 0.002 
139 UHA-0444    (0)   :  0.002 0.006 0.002 0.002 0.002 0.002 0.981 0.002 
140 UHA-0445    (0)   :  0.002 0.005 0.002 0.002 0.002 0.002 0.984 0.002 
141 UHA-0446    (0)   :  0.006 0.083 0.007 0.003 0.026 0.004 0.845 0.026 
142 UHA-0447    (0)   :  0.003 0.003 0.003 0.002 0.002 0.002 0.983 0.002 
143 UHA-0448    (0)   :  0.002 0.005 0.002 0.002 0.002 0.002 0.983 0.002 
144 UHA-0449    (0)   :  0.002 0.003 0.004 0.002 0.002 0.002 0.983 0.002 
145 UHA-0450    (0)   :  0.003 0.004 0.003 0.002 0.002 0.002 0.981 0.002 
146 UHA-0451    (0)   :  0.003 0.005 0.003 0.002 0.002 0.002 0.982 0.002 
147 UHA-0452    (0)   :  0.002 0.003 0.004 0.002 0.002 0.002 0.983 0.002 
148 UHA-0453    (0)   :  0.003 0.006 0.003 0.002 0.002 0.002 0.981 0.002 
149 UHA-0454    (0)   :  0.002 0.003 0.003 0.002 0.002 0.002 0.984 0.002 
150 UHA-0455    (0)   :  0.002 0.003 0.002 0.002 0.002 0.002 0.986 0.002 
151 UHA-0456    (0)   :  0.003 0.004 0.002 0.002 0.002 0.002 0.983 0.002 
152 UHA-0457    (0)   :  0.003 0.002 0.005 0.002 0.003 0.004 0.978 0.003 
153 UHA-0458    (0)   :  0.003 0.003 0.003 0.002 0.003 0.004 0.980 0.003 
154 UHA-0459    (0)   :  0.003 0.008 0.006 0.002 0.003 0.004 0.972 0.002 
155 UHA-0460    (0)   :  0.002 0.004 0.003 0.002 0.002 0.002 0.983 0.002 
156 UHA-0001    (0)   :  0.003 0.002 0.975 0.003 0.007 0.003 0.003 0.004 
157 UHA-0002    (0)   :  0.070 0.005 0.689 0.004 0.143 0.007 0.004 0.077 
158 UHA-0003    (0)   :  0.028 0.005 0.852 0.005 0.030 0.003 0.052 0.024 
159 UHA-0004    (7)   :  0.003 0.002 0.002 0.974 0.005 0.002 0.006 0.005 
160 UHA-0005    (0)   :  0.012 0.003 0.013 0.948 0.006 0.004 0.006 0.007 
161 UHA-0006    (0)   :  0.016 0.005 0.003 0.914 0.037 0.005 0.006 0.014 
162 UHA-0007    (0)   :  0.021 0.004 0.014 0.004 0.549 0.005 0.004 0.398 
163 UHA-0008    (0)   :  0.008 0.007 0.005 0.005 0.037 0.006 0.006 0.925 
164 UHA-0009    (0)   :  0.007 0.935 0.031 0.002 0.003 0.004 0.015 0.003 
165 UHA-0010    (7)   :  0.003 0.950 0.003 0.003 0.003 0.002 0.034 0.003 
166 UHA-0011    (0)   :  0.002 0.983 0.002 0.002 0.002 0.002 0.005 0.002 
167 UHA-0012    (0)   :  0.005 0.974 0.004 0.003 0.003 0.004 0.005 0.003 
168 UHA-0013    (0)   :  0.005 0.971 0.003 0.002 0.004 0.002 0.008 0.004 
169 UHA-0014    (0)   :  0.002 0.983 0.002 0.002 0.002 0.002 0.003 0.002 
170 UHA-0015    (0)   :  0.008 0.847 0.123 0.002 0.003 0.004 0.010 0.002 
171 UHA-0016   (15)   :  0.003 0.978 0.003 0.003 0.003 0.002 0.005 0.003 
172 UHA-0017    (7)   :  0.044 0.006 0.005 0.046 0.772 0.017 0.004 0.106 
173 UHA-0018    (7)   :  0.008 0.004 0.003 0.006 0.780 0.003 0.002 0.193 
174 UHA-0183    (7)   :  0.003 0.002 0.980 0.003 0.003 0.003 0.003 0.003 
175 UHA-0184    (0)   :  0.003 0.003 0.951 0.002 0.003 0.034 0.002 0.003 
176 UHA-0186    (0)   :  0.008 0.021 0.942 0.003 0.015 0.004 0.002 0.004 
177 UHA-0187    (0)   :  0.005 0.006 0.960 0.012 0.007 0.003 0.002 0.005 
178 UHA-0188    (0)   :  0.005 0.005 0.968 0.005 0.003 0.002 0.009 0.003 
179 UHA-0191    (0)   :  0.006 0.003 0.978 0.002 0.003 0.003 0.002 0.002 
180 UHA-0193    (7)   :  0.010 0.006 0.003 0.955 0.011 0.003 0.003 0.010 
181 UHA-0194   (15)   :  0.045 0.002 0.009 0.855 0.010 0.058 0.009 0.012 
182 UHA-0195   (23)   :  0.006 0.002 0.005 0.957 0.008 0.004 0.002 0.016 
183 UHA-0196    (7)   :  0.157 0.004 0.028 0.721 0.005 0.071 0.007 0.006 
184 UHA-0197   (15)   :  0.007 0.004 0.004 0.970 0.003 0.002 0.007 0.003 
185 UHA-0198    (7)   :  0.023 0.003 0.004 0.754 0.074 0.032 0.003 0.107 
186 UHA-0202    (7)   :  0.204 0.011 0.007 0.471 0.055 0.169 0.005 0.077 
187 UHA-0205    (7)   :  0.005 0.004 0.004 0.968 0.006 0.003 0.003 0.007 
188 UHA-0207    (7)   :  0.003 0.002 0.002 0.974 0.005 0.002 0.006 0.005 
189 UHA-0208    (7)   :  0.029 0.005 0.005 0.667 0.263 0.003 0.006 0.021 
190 UHA-0210    (7)   :  0.218 0.226 0.010 0.070 0.078 0.017 0.334 0.048 
191 UHA-0211    (7)   :  0.972 0.002 0.010 0.005 0.003 0.003 0.002 0.003 
192 UHA-0212   (15)   :  0.973 0.002 0.009 0.006 0.003 0.003 0.002 0.002 
193 UHA-0213    (0)   :  0.003 0.005 0.599 0.008 0.003 0.376 0.002 0.004 
194 UHA-0214    (0)   :  0.008 0.002 0.388 0.010 0.004 0.584 0.002 0.003 
195 UHA-0215    (0)   :  0.045 0.008 0.589 0.171 0.115 0.007 0.028 0.037 
196 UHA-0216   (15)   :  0.042 0.005 0.614 0.058 0.135 0.006 0.003 0.137 
197 UHA-0217    (0)   :  0.082 0.024 0.760 0.031 0.020 0.014 0.012 0.058 
198 UHA-0218    (0)   :  0.023 0.003 0.673 0.007 0.040 0.015 0.013 0.225 
199 UHA-0219   (15)   :  0.014 0.007 0.085 0.041 0.822 0.005 0.004 0.022 
200 UHA-0220    (0)   :  0.132 0.004 0.396 0.008 0.163 0.006 0.008 0.283 
201 UHA-0221    (0)   :  0.008 0.004 0.005 0.957 0.015 0.003 0.003 0.006 
202 UHA-0222    (7)   :  0.006 0.004 0.004 0.968 0.008 0.003 0.002 0.005 
203 UHA-0223    (0)   :  0.012 0.003 0.011 0.182 0.706 0.008 0.005 0.072 
204 UHA-0224    (0)   :  0.003 0.981 0.003 0.003 0.002 0.002 0.005 0.002 
205 UHA-0225    (0)   :  0.521 0.004 0.045 0.027 0.356 0.004 0.009 0.034 
206 UHA-0226    (0)   :  0.315 0.005 0.012 0.152 0.360 0.012 0.003 0.140 
207 UHA-0227    (0)   :  0.008 0.064 0.004 0.005 0.835 0.003 0.033 0.048 
208 UHA-0228    (0)   :  0.003 0.003 0.002 0.003 0.954 0.002 0.002 0.030 
209 UHA-0229    (7)   :  0.045 0.006 0.005 0.047 0.772 0.016 0.004 0.106 
210 UHA-0230    (7)   :  0.372 0.019 0.135 0.086 0.217 0.011 0.013 0.148 
211 UHA-0231    (0)   :  0.022 0.004 0.006 0.004 0.464 0.004 0.003 0.493 
212 UHA-0232    (0)   :  0.054 0.003 0.012 0.034 0.633 0.005 0.004 0.255 
213 UHA-0233    (7)   :  0.114 0.006 0.040 0.193 0.410 0.005 0.004 0.228 
214 UHA-0238    (7)   :  0.085 0.010 0.039 0.107 0.445 0.006 0.004 0.303 
215 UHA-0239    (0)   :  0.111 0.064 0.009 0.008 0.272 0.003 0.011 0.522 
216 UHA-0240    (0)   :  0.035 0.005 0.003 0.006 0.396 0.007 0.002 0.547 
217 UHA-0241    (0)   :  0.005 0.004 0.002 0.003 0.781 0.003 0.002 0.200 
218 UHA-0242    (0)   :  0.007 0.003 0.002 0.006 0.677 0.004 0.002 0.299 
219 UHA-0243    (7)   :  0.003 0.002 0.002 0.005 0.043 0.003 0.002 0.940 
220 UHA-0244    (0)   :  0.031 0.009 0.035 0.014 0.280 0.007 0.007 0.618 
221 UHA-0245    (7)   :  0.266 0.003 0.083 0.008 0.607 0.006 0.005 0.022 
222 UHA-0246    (7)   :  0.011 0.006 0.005 0.005 0.762 0.005 0.004 0.202 
223 UHA-0247    (7)   :  0.019 0.012 0.010 0.017 0.139 0.006 0.008 0.789 
224 UHA-0248    (0)   :  0.863 0.030 0.014 0.004 0.004 0.007 0.076 0.003 
225 UHA-0249    (7)   :  0.944 0.009 0.007 0.021 0.004 0.003 0.007 0.004 
226 UHA-0251    (0)   :  0.933 0.003 0.014 0.025 0.007 0.008 0.005 0.005 
227 UHA-0252    (7)   :  0.374 0.019 0.003 0.359 0.013 0.191 0.037 0.005 
228 UHA-0254    (7)   :  0.870 0.003 0.006 0.004 0.032 0.077 0.002 0.007 
229 UHA-0255    (7)   :  0.857 0.009 0.004 0.078 0.009 0.033 0.005 0.006 
230 UHA-0256   (15)   :  0.094 0.801 0.031 0.003 0.029 0.013 0.008 0.020 
231 UHA-0257    (0)   :  0.003 0.003 0.004 0.002 0.002 0.002 0.983 0.002 
232 UHA-0258    (7)   :  0.007 0.036 0.063 0.002 0.012 0.007 0.855 0.016 
233 UHA-0259    (7)   :  0.010 0.894 0.037 0.003 0.010 0.006 0.011 0.028 
234 UHA-0260    (0)   :  0.002 0.004 0.002 0.002 0.002 0.002 0.985 0.002 
235 UHA-0261    (0)   :  0.003 0.010 0.003 0.002 0.003 0.002 0.974 0.003 
236 UHA-0262    (0)   :  0.003 0.981 0.004 0.003 0.002 0.002 0.003 0.002 
237 UHA-0263    (0)   :  0.003 0.983 0.002 0.002 0.002 0.002 0.004 0.002 
238 UHA-0264    (0)   :  0.003 0.974 0.004 0.003 0.003 0.002 0.005 0.005 
239 UHA-0265    (0)   :  0.002 0.982 0.002 0.002 0.003 0.002 0.003 0.003 
240 UHA-0266    (7)   :  0.003 0.978 0.002 0.002 0.003 0.002 0.008 0.003 
241 UHA-0267    (0)   :  0.002 0.984 0.002 0.002 0.002 0.002 0.004 0.002 
242 UHA-0273    (7)   :  0.541 0.012 0.010 0.393 0.005 0.011 0.024 0.006 
243 UHA-0282    (0)   :  0.005 0.002 0.004 0.006 0.234 0.003 0.003 0.743 
244 UHA-0283    (7)   :  0.004 0.004 0.974 0.003 0.004 0.005 0.002 0.003 
245 UHA-0284    (0)   :  0.016 0.006 0.005 0.017 0.797 0.005 0.009 0.146 
246 UHA-0285    (0)   :  0.003 0.002 0.982 0.003 0.002 0.003 0.002 0.002 
247 UHA-0286    (0)   :  0.010 0.003 0.477 0.003 0.008 0.397 0.007 0.094 
248 UHA-0287   (23)   :  0.010 0.003 0.963 0.006 0.004 0.009 0.002 0.003 
249 UHA-0288    (7)   :  0.030 0.054 0.006 0.004 0.791 0.006 0.025 0.083 
250 UHA-0289    (7)   :  0.008 0.003 0.005 0.003 0.521 0.023 0.002 0.436 
251 UHA-0294    (7)   :  0.032 0.006 0.005 0.014 0.306 0.017 0.004 0.617 
252 UHA-0295   (15)   :  0.013 0.011 0.015 0.035 0.039 0.004 0.007 0.876 
253 UHA-0299    (0)   :  0.004 0.005 0.003 0.003 0.093 0.003 0.003 0.886 
254 UHA-0300    (0)   :  0.012 0.002 0.950 0.016 0.005 0.010 0.002 0.003 
255 UHA-0301    (0)   :  0.004 0.004 0.003 0.003 0.977 0.003 0.002 0.006 
256 UHA-0302    (7)   :  0.004 0.006 0.004 0.005 0.884 0.003 0.003 0.091 
257 UHA-0303    (0)   :  0.011 0.008 0.015 0.014 0.884 0.005 0.006 0.057 
258 UHA-0304    (0)   :  0.116 0.004 0.017 0.004 0.486 0.035 0.005 0.333 
259 UHA-0305    (7)   :  0.006 0.004 0.003 0.003 0.970 0.004 0.002 0.008 
260 UHA-0306   (15)   :  0.011 0.006 0.003 0.005 0.950 0.003 0.006 0.017 
261 UHA-0307    (0)   :  0.006 0.003 0.003 0.004 0.006 0.005 0.007 0.967 
262 UHA-0308   (15)   :  0.004 0.003 0.006 0.008 0.956 0.005 0.002 0.016 
263 UHA-0309    (0)   :  0.009 0.002 0.008 0.004 0.013 0.014 0.002 0.946 
264 UHA-0310    (0)   :  0.010 0.002 0.002 0.009 0.025 0.007 0.003 0.942 
265 UHA-0311    (0)   :  0.005 0.002 0.973 0.005 0.005 0.003 0.002 0.005 
266 UHA-0312    (7)   :  0.015 0.003 0.018 0.009 0.630 0.007 0.004 0.314 
267 UHA-0313    (0)   :  0.012 0.003 0.014 0.004 0.327 0.006 0.003 0.631 
268 UHA-0314   (23)   :  0.008 0.007 0.956 0.004 0.004 0.009 0.009 0.005 
269 UHA-0316    (0)   :  0.010 0.006 0.004 0.006 0.021 0.004 0.012 0.937 
270 UHA-0317    (7)   :  0.024 0.010 0.016 0.006 0.044 0.018 0.112 0.770 
271 UHA-0318    (7)   :  0.011 0.003 0.003 0.006 0.464 0.004 0.003 0.505 
272 UHA-0319    (0)   :  0.003 0.002 0.978 0.005 0.003 0.004 0.002 0.004 
273 UHA-0320    (0)   :  0.006 0.056 0.917 0.005 0.004 0.005 0.005 0.003 
274 UHA-0321    (7)   :  0.045 0.004 0.003 0.006 0.903 0.002 0.003 0.033 
275 UHA-0322    (0)   :  0.006 0.010 0.009 0.012 0.021 0.011 0.008 0.925 
276 UHA-0323    (0)   :  0.018 0.003 0.926 0.024 0.008 0.009 0.003 0.009 
277 UHA-0324    (7)   :  0.008 0.015 0.951 0.003 0.004 0.009 0.005 0.005 
278 UHA-0325    (0)   :  0.005 0.002 0.971 0.005 0.003 0.004 0.006 0.003 
279 UHA-0326    (0)   :  0.004 0.004 0.967 0.003 0.008 0.003 0.002 0.009 
280 UHA-0327    (7)   :  0.004 0.004 0.975 0.003 0.003 0.004 0.003 0.005 
281 UHA-0329    (0)   :  0.038 0.003 0.004 0.013 0.673 0.006 0.002 0.262 
282 UHA-0330    (0)   :  0.033 0.002 0.008 0.007 0.902 0.010 0.004 0.035 
283 UHA-0331   (23)   :  0.006 0.006 0.960 0.004 0.004 0.010 0.005 0.004 
284 UHA-0332    (0)   :  0.006 0.006 0.002 0.007 0.239 0.003 0.003 0.733 
285 UHA-0333    (0)   :  0.006 0.002 0.977 0.003 0.003 0.004 0.002 0.003 
286 UHA-0334    (0)   :  0.013 0.002 0.957 0.004 0.005 0.011 0.005 0.004 
287 UHA-0335   (15)   :  0.018 0.003 0.005 0.012 0.783 0.006 0.003 0.171 
288 UHA-0337    (0)   :  0.014 0.006 0.007 0.059 0.287 0.006 0.004 0.617 
289 UHA-0338    (7)   :  0.091 0.006 0.839 0.005 0.010 0.018 0.007 0.024 
290 UHA-0339    (0)   :  0.011 0.002 0.930 0.008 0.029 0.011 0.003 0.005 
291 UHA-0340    (0)   :  0.358 0.007 0.005 0.077 0.352 0.008 0.010 0.183 
292 UHA-0343    (0)   :  0.010 0.003 0.474 0.003 0.009 0.399 0.007 0.095 
293 UHA-0345    (0)   :  0.014 0.021 0.002 0.004 0.438 0.006 0.002 0.514 
294 UHA-0346    (7)   :  0.027 0.002 0.017 0.011 0.333 0.017 0.003 0.590 
295 UHA-0347    (7)   :  0.076 0.041 0.003 0.008 0.421 0.005 0.003 0.443 
296 UHA-0348    (0)   :  0.006 0.004 0.003 0.030 0.011 0.003 0.004 0.938 
297 UHA-0349   (23)   :  0.005 0.004 0.003 0.004 0.021 0.005 0.003 0.953 
298 UHA-0350    (0)   :  0.003 0.003 0.979 0.002 0.003 0.003 0.002 0.004 
299 UHA-0354    (0)   :  0.622 0.004 0.013 0.147 0.052 0.006 0.005 0.152 
300 UHA-0352    (7)   :  0.005 0.003 0.005 0.009 0.059 0.004 0.003 0.914 
301 UHA-0353    (7)   :  0.008 0.003 0.005 0.026 0.247 0.029 0.002 0.680 
302 UHA-0172    (0)   :  0.003 0.002 0.003 0.974 0.005 0.003 0.002 0.009 
303 UHA-0174    (0)   :  0.055 0.008 0.013 0.194 0.054 0.038 0.008 0.630 
304 UHA-0175    (0)   :  0.017 0.006 0.003 0.012 0.280 0.003 0.004 0.675 
305 UHA-0176    (0)   :  0.004 0.009 0.969 0.005 0.003 0.002 0.004 0.003 
306 UHA-0177    (7)   :  0.390 0.007 0.007 0.011 0.382 0.063 0.012 0.129 
307 UHA-0178    (0)   :  0.004 0.010 0.967 0.007 0.004 0.003 0.003 0.003 
308 UHA-0179    (7)   :  0.239 0.003 0.016 0.717 0.009 0.005 0.002 0.008 
309 UHA-0189    (0)   :  0.005 0.006 0.968 0.004 0.003 0.002 0.009 0.003 
310 UHA-0190    (0)   :  0.005 0.003 0.973 0.005 0.003 0.004 0.004 0.003 
311 UHA-0199    (7)   :  0.009 0.005 0.008 0.926 0.013 0.026 0.004 0.009 
312 UHA-0276    (0)   :  0.009 0.002 0.005 0.006 0.003 0.970 0.002 0.004 
313 UHA-0277    (7)   :  0.006 0.002 0.016 0.003 0.004 0.964 0.002 0.004 
314 UHA-0203    (7)   :  0.005 0.002 0.003 0.980 0.002 0.003 0.002 0.003 
315 UHA-0204    (0)   :  0.005 0.004 0.004 0.973 0.004 0.003 0.002 0.005 
316 UHA-0234    (0)   :  0.005 0.003 0.007 0.015 0.336 0.005 0.003 0.625 
317 UHA-0235    (0)   :  0.014 0.006 0.006 0.070 0.027 0.005 0.004 0.868 
318 UHA-0236    (0)   :  0.129 0.011 0.071 0.639 0.042 0.029 0.003 0.075 
319 UHA-0268    (0)   :  0.229 0.416 0.004 0.005 0.052 0.026 0.253 0.016 
320 UHA-0269    (0)   :  0.848 0.055 0.008 0.003 0.006 0.049 0.023 0.008 
321 UHA-0270    (7)   :  0.391 0.120 0.202 0.008 0.122 0.025 0.080 0.052 
322 UHA-0271    (0)   :  0.103 0.342 0.380 0.023 0.033 0.011 0.096 0.012 
323 UHA-0272    (0)   :  0.126 0.007 0.010 0.042 0.110 0.007 0.585 0.114 
324 UHA-0355    (7)   :  0.074 0.002 0.003 0.018 0.516 0.045 0.003 0.338 
325 UHA-0356    (0)   :  0.014 0.059 0.004 0.007 0.013 0.003 0.036 0.864 
326 UHA-0357    (0)   :  0.008 0.003 0.014 0.005 0.359 0.029 0.006 0.577 
327 UHA-0358    (0)   :  0.026 0.017 0.003 0.009 0.528 0.003 0.004 0.410 
328 UHA-0359    (0)   :  0.013 0.012 0.027 0.009 0.033 0.072 0.004 0.830 
329 UHA-0361   (23)   :  0.008 0.004 0.009 0.008 0.118 0.019 0.014 0.821 
330 UHA-0362    (0)   :  0.006 0.006 0.007 0.005 0.309 0.004 0.016 0.646 
331 UHA-0363   (15)   :  0.010 0.004 0.006 0.023 0.346 0.003 0.006 0.602 
332 UHA-0379    (0)   :  0.004 0.078 0.870 0.003 0.002 0.003 0.038 0.002 
333 UHA-0365    (0)   :  0.003 0.002 0.004 0.006 0.007 0.003 0.005 0.971 
334 UHA-0366    (0)   :  0.102 0.020 0.006 0.014 0.060 0.012 0.016 0.771 
335 UHA-0367    (0)   :  0.011 0.006 0.923 0.008 0.016 0.025 0.005 0.007 
336 UHA-0368    (0)   :  0.008 0.002 0.972 0.005 0.003 0.003 0.004 0.003 
337 UHA-0369    (0)   :  0.003 0.003 0.984 0.002 0.002 0.002 0.002 0.002 
338 UHA-0370    (7)   :  0.010 0.003 0.958 0.010 0.005 0.004 0.003 0.006 
339 UHA-0371    (7)   :  0.009 0.005 0.849 0.003 0.008 0.006 0.114 0.006 
340 UHA-0372    (7)   :  0.008 0.024 0.005 0.021 0.018 0.005 0.010 0.908 
341 UHA-0373   (15)   :  0.053 0.003 0.003 0.003 0.429 0.008 0.002 0.499 
342 UHA-0374    (0)   :  0.529 0.004 0.004 0.056 0.174 0.011 0.002 0.218 
343 UHA-0375    (0)   :  0.033 0.005 0.006 0.011 0.421 0.005 0.004 0.514 
344 UHA-0376    (0)   :  0.006 0.004 0.003 0.017 0.867 0.002 0.002 0.098 
345 UHA-0377    (0)   :  0.003 0.003 0.981 0.003 0.002 0.003 0.002 0.003 
346 UHA-0378    (0)   :  0.004 0.004 0.975 0.003 0.003 0.003 0.004 0.003 
347 UHA-0380    (7)   :  0.024 0.009 0.936 0.004 0.008 0.005 0.004 0.010 
348 UHA-0381    (0)   :  0.017 0.003 0.962 0.004 0.004 0.004 0.002 0.004 
349 UHA-0382    (0)   :  0.005 0.002 0.971 0.008 0.003 0.005 0.003 0.003 
350 UHA-0383   (15)   :  0.024 0.003 0.888 0.053 0.007 0.011 0.009 0.005 
351 UHA-0384    (7)   :  0.006 0.003 0.962 0.002 0.011 0.004 0.002 0.010 
352 UHA-0385    (0)   :  0.009 0.002 0.968 0.004 0.006 0.004 0.002 0.005 
353 UHA-0386    (7)   :  0.003 0.002 0.984 0.002 0.003 0.002 0.002 0.002 
354 UHA-0387    (0)   :  0.003 0.002 0.976 0.002 0.005 0.003 0.002 0.006 
355 UHA-0388    (0)   :  0.004 0.006 0.973 0.002 0.004 0.002 0.004 0.005 
356 UHA-0389    (7)   :  0.004 0.003 0.965 0.006 0.008 0.005 0.003 0.007 
357 UHA-0390    (0)   :  0.003 0.003 0.982 0.002 0.003 0.002 0.003 0.002 
358 UHA-0391    (0)   :  0.011 0.004 0.830 0.002 0.004 0.141 0.003 0.005 
359 UHA-0392    (0)   :  0.003 0.068 0.882 0.003 0.002 0.003 0.036 0.002 
360 UHA-0393    (0)   :  0.009 0.006 0.960 0.003 0.004 0.010 0.005 0.004 
361 UHA-0394    (0)   :  0.040 0.002 0.915 0.007 0.020 0.006 0.003 0.007 
362 UHA-0395    (7)   :  0.012 0.007 0.011 0.004 0.941 0.009 0.005 0.012 
363 UHA-0396    (0)   :  0.020 0.003 0.009 0.005 0.934 0.011 0.005 0.013 
364 UHA-0397    (7)   :  0.040 0.010 0.014 0.038 0.394 0.015 0.005 0.484 
365 UHA-0398    (0)   :  0.771 0.026 0.004 0.008 0.121 0.007 0.011 0.052 
366 UHA-0399    (7)   :  0.019 0.003 0.007 0.007 0.738 0.003 0.004 0.219 
367 UHA-0400    (0)   :  0.004 0.003 0.002 0.003 0.127 0.008 0.005 0.848 
368 UHA-0401   (15)   :  0.028 0.004 0.015 0.005 0.646 0.011 0.005 0.287 
369 UHA-0402   (23)   :  0.020 0.003 0.007 0.007 0.429 0.004 0.005 0.525 
370 UHA-0404    (0)   :  0.005 0.015 0.950 0.004 0.016 0.003 0.004 0.004 
371 UHA-0405    (0)   :  0.037 0.003 0.032 0.019 0.692 0.015 0.005 0.198 
372 UHA-0406    (0)   :  0.003 0.003 0.003 0.003 0.181 0.003 0.002 0.802 
373 UHA-0407    (0)   :  0.007 0.002 0.003 0.004 0.254 0.005 0.006 0.719 
374 UHA-0408    (0)   :  0.003 0.002 0.981 0.002 0.003 0.003 0.002 0.003 
375 UHA-0409    (0)   :  0.005 0.006 0.002 0.003 0.335 0.003 0.022 0.624 
376 UHA-0410    (0)   :  0.005 0.003 0.973 0.003 0.004 0.003 0.002 0.007 
377 UHA-0411    (7)   :  0.007 0.002 0.003 0.008 0.482 0.003 0.004 0.490 
378 UHA-0412    (0)   :  0.005 0.003 0.973 0.003 0.004 0.003 0.002 0.006 
379 UHA-0413    (0)   :  0.017 0.011 0.056 0.007 0.181 0.004 0.003 0.721 
380 UHA-0414    (0)   :  0.003 0.002 0.978 0.004 0.004 0.002 0.002 0.004 
381 UHA-0415    (0)   :  0.004 0.002 0.981 0.003 0.003 0.003 0.002 0.003 
382 UHA-0416    (0)   :  0.007 0.004 0.960 0.002 0.006 0.013 0.003 0.004 
383 UHA-0417    (0)   :  0.009 0.060 0.812 0.003 0.006 0.004 0.102 0.004 
384 UHA-0418    (0)   :  0.003 0.003 0.984 0.003 0.002 0.002 0.002 0.002 
385 UHA-0419    (0)   :  0.004 0.002 0.977 0.004 0.004 0.004 0.002 0.003 
386 UHA-0420    (0)   :  0.005 0.005 0.002 0.004 0.274 0.003 0.004 0.703 
387 UHA-0421    (0)   :  0.015 0.012 0.021 0.005 0.010 0.014 0.006 0.918 
388 UHA-0422    (0)   :  0.032 0.004 0.799 0.005 0.051 0.034 0.014 0.059 
389 UHA-0423    (0)   :  0.004 0.003 0.968 0.003 0.006 0.008 0.003 0.005 
390 UHA-0424    (0)   :  0.009 0.005 0.016 0.040 0.315 0.008 0.003 0.605 
391 UHA-0425    (0)   :  0.008 0.029 0.002 0.003 0.016 0.003 0.029 0.910 
392 UHA-0461    (0)   :  0.081 0.007 0.011 0.031 0.749 0.004 0.006 0.111 
393 UHA-0462    (7)   :  0.009 0.010 0.003 0.004 0.936 0.004 0.003 0.031 
394 UHA-0463    (7)   :  0.003 0.002 0.002 0.004 0.286 0.003 0.002 0.698 
395 UHA-0464    (0)   :  0.005 0.005 0.003 0.004 0.282 0.003 0.003 0.696 
396 UHA-0465    (0)   :  0.017 0.133 0.004 0.006 0.270 0.003 0.034 0.532 
397 UHA-0466    (0)   :  0.005 0.002 0.003 0.016 0.481 0.003 0.002 0.489 
398 UHA-0467    (7)   :  0.007 0.003 0.002 0.013 0.375 0.005 0.004 0.590 
399 UHA-0468    (0)   :  0.078 0.029 0.005 0.012 0.763 0.004 0.008 0.103 
400 UHA-0469    (0)   :  0.028 0.007 0.005 0.010 0.062 0.003 0.007 0.878 
401 UHA-0470    (0)   :  0.009 0.004 0.010 0.005 0.034 0.004 0.004 0.931 
402 UHA-0471    (0)   :  0.006 0.002 0.003 0.018 0.056 0.003 0.002 0.909 
403 UHA-0472    (7)   :  0.011 0.002 0.003 0.004 0.745 0.010 0.003 0.223 
404 UHA-0473    (0)   :  0.013 0.008 0.003 0.010 0.867 0.004 0.007 0.087 
405 UHA-0474    (0)   :  0.030 0.005 0.006 0.032 0.588 0.004 0.003 0.332 
406 UHA-0475    (0)   :  0.004 0.002 0.002 0.004 0.558 0.002 0.002 0.426 
407 UHA-0180    (0)   :  0.005 0.003 0.002 0.004 0.875 0.004 0.004 0.103 
408 UHA-0181    (0)   :  0.014 0.006 0.003 0.004 0.317 0.029 0.004 0.623 
409 UHA-0182    (7)   :  0.014 0.005 0.002 0.048 0.069 0.335 0.008 0.518 
410 UHA-0278    (0)   :  0.003 0.004 0.002 0.002 0.002 0.979 0.004 0.003 
411 UHA-0279    (0)   :  0.005 0.003 0.967 0.011 0.005 0.003 0.002 0.005 
412 UHA-0280    (0)   :  0.008 0.003 0.004 0.008 0.092 0.004 0.002 0.879 
413 UHA-0291    (0)   :  0.002 0.002 0.984 0.003 0.002 0.002 0.003 0.002 
414 UHA-0315    (0)   :  0.025 0.024 0.036 0.302 0.118 0.011 0.005 0.480 
415 UHA-0328    (0)   :  0.004 0.004 0.003 0.003 0.946 0.004 0.001 0.035 
416 UHA-0344    (0)   :  0.009 0.002 0.003 0.005 0.496 0.003 0.002 0.481 
417 UHA-0351    (0)   :  0.003 0.011 0.003 0.002 0.004 0.002 0.972 0.004 


Estimated Allele Frequencies in each cluster
First column gives estimated ancestral frequencies


Locus 1 : 
10 alleles
1.9% missing data
   4   (0.181) 0.135 0.511 0.392 0.026 0.220 0.490 0.054 0.120 
   3   (0.546) 0.682 0.475 0.452 0.324 0.561 0.414 0.728 0.712 
   2   (0.120) 0.082 0.012 0.122 0.069 0.156 0.046 0.080 0.080 
   9   (0.016) 0.006 0.001 0.000 0.002 0.002 0.003 0.137 0.002 
   8   (0.014) 0.018 0.000 0.000 0.002 0.001 0.009 0.000 0.002 
   5   (0.052) 0.030 0.001 0.002 0.568 0.022 0.021 0.001 0.077 
  10   (0.015) 0.022 0.000 0.000 0.002 0.001 0.003 0.000 0.001 
   7   (0.018) 0.006 0.000 0.001 0.002 0.025 0.004 0.000 0.004 
   6   (0.017) 0.007 0.000 0.027 0.002 0.002 0.003 0.000 0.002 
   1   (0.021) 0.011 0.000 0.005 0.003 0.011 0.006 0.000 0.002 

Locus 2 : 
20 alleles
1.0% missing data
  13   (0.143) 0.072 0.472 0.006 0.122 0.313 0.044 0.363 0.198 
  15   (0.135) 0.144 0.298 0.004 0.060 0.098 0.054 0.180 0.169 
   6   (0.030) 0.023 0.142 0.001 0.007 0.003 0.009 0.183 0.003 
  14   (0.132) 0.119 0.004 0.005 0.049 0.238 0.077 0.269 0.229 
   3   (0.020) 0.007 0.000 0.863 0.002 0.002 0.056 0.000 0.002 
  17   (0.046) 0.042 0.001 0.001 0.008 0.055 0.016 0.001 0.055 
   5   (0.016) 0.006 0.078 0.000 0.002 0.002 0.004 0.000 0.002 
   8   (0.051) 0.085 0.001 0.022 0.111 0.011 0.017 0.001 0.008 
   4   (0.017) 0.006 0.000 0.067 0.002 0.002 0.005 0.000 0.002 
  12   (0.032) 0.068 0.000 0.001 0.292 0.004 0.012 0.000 0.004 
  11   (0.089) 0.077 0.001 0.013 0.220 0.040 0.203 0.001 0.101 
   9   (0.044) 0.065 0.000 0.005 0.005 0.031 0.015 0.000 0.027 
  10   (0.037) 0.032 0.000 0.001 0.007 0.025 0.414 0.000 0.010 
  18   (0.045) 0.032 0.000 0.002 0.006 0.074 0.015 0.001 0.079 
   2   (0.022) 0.010 0.000 0.004 0.064 0.002 0.007 0.000 0.002 
  16   (0.066) 0.078 0.001 0.002 0.034 0.062 0.031 0.001 0.088 
   7   (0.021) 0.113 0.000 0.001 0.002 0.002 0.005 0.000 0.002 
  19   (0.017) 0.007 0.000 0.000 0.002 0.016 0.004 0.000 0.004 
   1   (0.014) 0.006 0.000 0.000 0.002 0.008 0.004 0.000 0.002 
  20   (0.023) 0.010 0.000 0.001 0.003 0.012 0.006 0.000 0.015 

Locus 3 : 
21 alleles
0.5% missing data
   1   (0.071) 0.104 0.059 0.006 0.010 0.065 0.019 0.144 0.081 
  12   (0.066) 0.051 0.282 0.052 0.059 0.032 0.016 0.130 0.013 
  13   (0.073) 0.125 0.338 0.002 0.050 0.053 0.041 0.199 0.028 
  11   (0.069) 0.090 0.158 0.009 0.018 0.024 0.105 0.067 0.045 
   5   (0.108) 0.089 0.002 0.367 0.018 0.178 0.347 0.036 0.161 
   6   (0.058) 0.029 0.151 0.135 0.024 0.009 0.097 0.109 0.026 
   2   (0.065) 0.058 0.001 0.002 0.030 0.088 0.021 0.120 0.207 
  10   (0.074) 0.086 0.001 0.025 0.124 0.065 0.023 0.190 0.038 
   4   (0.078) 0.135 0.001 0.169 0.131 0.042 0.092 0.001 0.034 
  15   (0.035) 0.018 0.004 0.025 0.098 0.009 0.010 0.000 0.012 
   8   (0.073) 0.044 0.001 0.050 0.019 0.245 0.026 0.002 0.246 
   9   (0.041) 0.024 0.000 0.002 0.185 0.041 0.011 0.000 0.071 
  16   (0.019) 0.007 0.000 0.026 0.064 0.002 0.004 0.000 0.002 
   3   (0.031) 0.059 0.000 0.001 0.004 0.069 0.013 0.000 0.010 
   7   (0.053) 0.029 0.001 0.088 0.064 0.070 0.153 0.000 0.011 
  14   (0.019) 0.007 0.000 0.001 0.067 0.002 0.004 0.000 0.008 
  18   (0.013) 0.015 0.000 0.000 0.008 0.001 0.003 0.000 0.001 
  20   (0.014) 0.005 0.000 0.026 0.002 0.001 0.003 0.000 0.001 
  19   (0.013) 0.005 0.000 0.006 0.002 0.001 0.003 0.000 0.001 
  21   (0.012) 0.005 0.000 0.000 0.021 0.001 0.003 0.000 0.001 
  17   (0.015) 0.016 0.000 0.007 0.002 0.003 0.005 0.000 0.002 

Locus 4 : 
7 alleles
5.8% missing data
   3   (0.439) 0.511 0.653 0.780 0.883 0.153 0.150 0.390 0.186 
   5   (0.066) 0.059 0.340 0.002 0.008 0.008 0.074 0.453 0.017 
   4   (0.056) 0.088 0.001 0.002 0.019 0.006 0.369 0.152 0.006 
   2   (0.380) 0.281 0.006 0.214 0.077 0.827 0.214 0.004 0.785 
   6   (0.025) 0.021 0.000 0.001 0.003 0.003 0.186 0.000 0.003 
   1   (0.017) 0.024 0.000 0.001 0.002 0.002 0.004 0.000 0.002 
   7   (0.017) 0.017 0.000 0.001 0.008 0.002 0.004 0.000 0.002 

Locus 5 : 
23 alleles
2.9% missing data
  13   (0.058) 0.031 0.389 0.173 0.050 0.043 0.024 0.001 0.042 
   8   (0.080) 0.099 0.054 0.073 0.052 0.040 0.025 0.280 0.056 
  15   (0.067) 0.031 0.084 0.004 0.052 0.055 0.084 0.527 0.135 
  11   (0.090) 0.083 0.061 0.030 0.038 0.169 0.032 0.036 0.133 
  17   (0.066) 0.076 0.014 0.017 0.013 0.067 0.023 0.045 0.073 
  19   (0.050) 0.025 0.093 0.096 0.006 0.036 0.017 0.103 0.022 
  12   (0.088) 0.096 0.098 0.039 0.228 0.162 0.025 0.001 0.089 
  14   (0.056) 0.025 0.071 0.162 0.190 0.045 0.014 0.000 0.032 
  18   (0.037) 0.020 0.055 0.107 0.004 0.011 0.022 0.000 0.019 
  16   (0.056) 0.030 0.001 0.051 0.196 0.070 0.018 0.000 0.154 
  22   (0.030) 0.027 0.062 0.005 0.004 0.023 0.009 0.003 0.003 
   9   (0.047) 0.171 0.001 0.102 0.024 0.016 0.390 0.000 0.006 
  21   (0.037) 0.021 0.013 0.054 0.005 0.058 0.055 0.000 0.010 
   5   (0.038) 0.018 0.000 0.029 0.028 0.025 0.010 0.000 0.054 
   7   (0.027) 0.010 0.000 0.001 0.083 0.019 0.006 0.000 0.049 
  10   (0.045) 0.021 0.000 0.025 0.008 0.100 0.111 0.000 0.059 
   1   (0.011) 0.038 0.000 0.000 0.001 0.001 0.002 0.000 0.001 
   4   (0.024) 0.093 0.000 0.001 0.004 0.023 0.006 0.000 0.004 
   3   (0.014) 0.005 0.000 0.000 0.002 0.010 0.003 0.000 0.008 
  20   (0.030) 0.056 0.002 0.021 0.004 0.014 0.012 0.000 0.007 
   6   (0.025) 0.010 0.000 0.001 0.004 0.011 0.104 0.000 0.041 
  23   (0.011) 0.009 0.000 0.004 0.001 0.001 0.005 0.000 0.001 
   2   (0.013) 0.005 0.000 0.006 0.002 0.001 0.003 0.000 0.001 

Locus 6 : 
8 alleles
0.0% missing data
   2   (0.786) 0.788 0.851 0.880 0.952 0.947 0.318 0.696 0.948 
   3   (0.088) 0.042 0.146 0.030 0.014 0.038 0.284 0.192 0.034 
   7   (0.017) 0.006 0.002 0.000 0.002 0.002 0.004 0.112 0.002 
   1   (0.038) 0.135 0.000 0.077 0.009 0.004 0.008 0.000 0.004 
   4   (0.027) 0.010 0.000 0.007 0.003 0.004 0.318 0.000 0.007 
   6   (0.015) 0.007 0.000 0.000 0.017 0.002 0.007 0.000 0.002 
   5   (0.014) 0.005 0.000 0.000 0.001 0.001 0.054 0.000 0.001 
   8   (0.015) 0.007 0.000 0.004 0.002 0.002 0.007 0.000 0.002 

Locus 7 : 
20 alleles
3.6% missing data
   3   (0.124) 0.103 0.060 0.238 0.299 0.153 0.043 0.062 0.223 
  15   (0.023) 0.012 0.003 0.007 0.003 0.005 0.120 0.000 0.008 
  12   (0.053) 0.066 0.282 0.018 0.006 0.013 0.016 0.298 0.048 
   8   (0.061) 0.063 0.001 0.064 0.054 0.049 0.017 0.151 0.028 
  10   (0.065) 0.071 0.035 0.046 0.083 0.014 0.085 0.001 0.035 
