

----------------------------------------------------
STRUCTURE by Pritchard, Stephens and Donnelly (2000)
     and Falush, Stephens and Pritchard (2003)
       Code by Pritchard, Falush and Hubisz
             Version 2.3.4 (Jul 2012)
----------------------------------------------------



Command line arguments:   bin\structure -m C:\Users\eschumacher\Documents\GitHub\USBGHybridAcornsREU2023\Analysis\STRUCTURE\All_Loci\UHA_all_loci_nopop\200-200\mainparams -e C:\Users\eschumacher\Documents\GitHub\USBGHybridAcornsREU2023\Analysis\STRUCTURE\All_Loci\UHA_all_loci_nopop\200-200\extraparams 
Input File:    C:\Users\eschumacher\Documents\GitHub\USBGHybridAcornsREU2023\Analysis\STRUCTURE\All_Loci\UHA_all_loci_nopop\project_data

Run parameters:
   417 individuals
   13 loci
   9 populations assumed
   200000 Burn-in period
   200000 Reps


--------------------------------------------
Overall proportion of membership of the
sample in each of the 9 clusters

Inferred Clusters
  1      2      3      4      5      6      7      8      9    
0.181  0.056  0.111  0.191  0.097  0.039  0.180  0.088  0.057  

--------------------------------------------

Allele-freq. divergence among pops (Net nucleotide distance),
computed using point estimates of P.

      1       2       3       4       5       6       7       8       9      
 1      -    0.1046  0.1869  0.0974  0.1908  0.1511  0.2087  0.1806  0.1977  
 2   0.1046     -    0.2194  0.1034  0.2184  0.1934  0.2072  0.2258  0.2291  
 3   0.1869  0.2194     -    0.2060  0.0230  0.0779  0.1833  0.0298  0.1100  
 4   0.0974  0.1034  0.2060     -    0.1867  0.1589  0.2112  0.2100  0.2166  
 5   0.1908  0.2184  0.0230  0.1867     -    0.0683  0.1758  0.0268  0.1071  
 6   0.1511  0.1934  0.0779  0.1589  0.0683     -    0.1340  0.0788  0.0867  
 7   0.2087  0.2072  0.1833  0.2112  0.1758  0.1340     -    0.1930  0.1768  
 8   0.1806  0.2258  0.0298  0.2100  0.0268  0.0788  0.1930     -    0.1191  
 9   0.1977  0.2291  0.1100  0.2166  0.1071  0.0867  0.1768  0.1191     -    

Average distances (expected heterozygosity) between individuals in same cluster:
cluster  1  : 0.5397 
cluster  2  : 0.4273 
cluster  3  : 0.6875 
cluster  4  : 0.5225 
cluster  5  : 0.7077 
cluster  6  : 0.7970 
cluster  7  : 0.5064 
cluster  8  : 0.6830 
cluster  9  : 0.6585 

--------------------------------------------
Estimated Ln Prob of Data   = -14907.1
Mean value of ln likelihood = -14380.5
Variance of ln likelihood   = 1053.3
Mean value of alpha         = 0.0318

Mean value of Fst_1         = 0.3955
Mean value of Fst_2         = 0.5021
Mean value of Fst_3         = 0.0865
Mean value of Fst_4         = 0.4466
Mean value of Fst_5         = 0.0771
Mean value of Fst_6         = 0.0880
Mean value of Fst_7         = 0.1939
Mean value of Fst_8         = 0.1006
Mean value of Fst_9         = 0.1556


Inferred ancestry of individuals:
        Label (%Miss) :  Inferred clusters
  1 UHA-0126    (0)   :  0.947 0.007 0.004 0.004 0.005 0.006 0.013 0.011 0.004 
  2 UHA-0127   (15)   :  0.974 0.004 0.002 0.007 0.002 0.002 0.003 0.002 0.002 
  3 UHA-0135    (0)   :  0.158 0.026 0.004 0.790 0.005 0.003 0.008 0.003 0.003 
  4 UHA-0166    (0)   :  0.756 0.012 0.025 0.121 0.014 0.018 0.005 0.016 0.033 
  5 UHA-0169    (0)   :  0.687 0.007 0.008 0.011 0.028 0.235 0.012 0.006 0.007 
  6 UHA-0058    (7)   :  0.013 0.014 0.003 0.955 0.003 0.003 0.004 0.003 0.003 
  7 UHA-0020    (0)   :  0.004 0.003 0.002 0.983 0.002 0.001 0.002 0.002 0.002 
  8 UHA-0023   (15)   :  0.011 0.008 0.002 0.967 0.002 0.002 0.003 0.002 0.002 
  9 UHA-0025    (0)   :  0.005 0.268 0.004 0.701 0.005 0.003 0.005 0.006 0.002 
 10 UHA-0026    (7)   :  0.032 0.005 0.003 0.945 0.003 0.003 0.003 0.004 0.003 
 11 UHA-0027    (0)   :  0.004 0.005 0.002 0.977 0.003 0.002 0.002 0.002 0.002 
 12 UHA-0028    (0)   :  0.005 0.003 0.002 0.981 0.002 0.002 0.002 0.002 0.002 
 13 UHA-0099    (0)   :  0.003 0.428 0.003 0.547 0.003 0.003 0.007 0.003 0.003 
 14 UHA-0029    (0)   :  0.004 0.004 0.002 0.979 0.002 0.002 0.003 0.002 0.002 
 15 UHA-0043   (15)   :  0.009 0.009 0.003 0.963 0.003 0.003 0.004 0.003 0.004 
 16 UHA-0045    (0)   :  0.007 0.005 0.002 0.976 0.002 0.002 0.002 0.002 0.002 
 17 UHA-0047    (0)   :  0.010 0.016 0.003 0.950 0.003 0.003 0.009 0.004 0.003 
 18 UHA-0050    (0)   :  0.104 0.003 0.006 0.860 0.004 0.005 0.003 0.011 0.005 
 19 UHA-0052    (0)   :  0.013 0.006 0.003 0.930 0.015 0.016 0.004 0.008 0.005 
 20 UHA-0056    (7)   :  0.271 0.603 0.003 0.108 0.003 0.002 0.004 0.003 0.002 
 21 UHA-0068    (7)   :  0.962 0.012 0.003 0.008 0.003 0.002 0.004 0.003 0.003 
 22 UHA-0070    (0)   :  0.979 0.004 0.002 0.003 0.002 0.002 0.003 0.002 0.003 
 23 UHA-0071    (7)   :  0.977 0.005 0.003 0.004 0.002 0.002 0.002 0.002 0.002 
 24 UHA-0075   (15)   :  0.676 0.057 0.017 0.219 0.013 0.003 0.004 0.005 0.005 
 25 UHA-0077    (0)   :  0.959 0.014 0.003 0.012 0.002 0.002 0.002 0.002 0.003 
 26 UHA-0079    (0)   :  0.980 0.003 0.002 0.004 0.002 0.002 0.002 0.002 0.002 
 27 UHA-0080    (7)   :  0.925 0.004 0.024 0.003 0.013 0.003 0.006 0.018 0.004 
 28 UHA-0081    (7)   :  0.979 0.003 0.002 0.005 0.002 0.002 0.002 0.002 0.002 
 29 UHA-0093   (15)   :  0.976 0.006 0.002 0.004 0.002 0.002 0.003 0.002 0.002 
 30 UHA-0094    (0)   :  0.980 0.002 0.002 0.005 0.002 0.002 0.002 0.002 0.002 
 31 UHA-0095    (0)   :  0.974 0.004 0.002 0.007 0.002 0.003 0.003 0.003 0.002 
 32 UHA-0096   (23)   :  0.954 0.006 0.003 0.022 0.003 0.003 0.003 0.003 0.003 
 33 UHA-0097    (7)   :  0.977 0.004 0.002 0.004 0.002 0.003 0.002 0.003 0.002 
 34 UHA-0098    (0)   :  0.004 0.003 0.002 0.981 0.002 0.002 0.003 0.002 0.002 
 35 UHA-0101   (15)   :  0.003 0.003 0.003 0.974 0.003 0.003 0.007 0.003 0.002 
 36 UHA-0105    (0)   :  0.004 0.018 0.003 0.961 0.005 0.003 0.002 0.002 0.002 
 37 UHA-0109    (0)   :  0.004 0.003 0.002 0.977 0.002 0.002 0.004 0.003 0.002 
 38 UHA-0111    (0)   :  0.016 0.089 0.004 0.874 0.004 0.003 0.004 0.002 0.002 
 39 UHA-0112    (7)   :  0.978 0.004 0.003 0.002 0.002 0.002 0.003 0.003 0.003 
 40 UHA-0298    (0)   :  0.020 0.016 0.003 0.946 0.003 0.002 0.003 0.005 0.002 
 41 UHA-0021    (0)   :  0.005 0.004 0.005 0.966 0.008 0.004 0.002 0.003 0.002 
 42 UHA-0022    (0)   :  0.004 0.007 0.002 0.978 0.002 0.002 0.002 0.002 0.002 
 43 UHA-0048    (0)   :  0.003 0.005 0.002 0.980 0.002 0.002 0.002 0.002 0.002 
 44 UHA-0049    (0)   :  0.006 0.003 0.002 0.980 0.002 0.002 0.002 0.002 0.002 
 45 UHA-0053    (0)   :  0.006 0.004 0.002 0.976 0.002 0.002 0.002 0.002 0.002 
 46 UHA-0054    (0)   :  0.005 0.003 0.002 0.979 0.002 0.002 0.002 0.003 0.002 
 47 UHA-0055    (0)   :  0.312 0.018 0.002 0.648 0.003 0.007 0.003 0.003 0.005 
 48 UHA-0069    (0)   :  0.981 0.004 0.002 0.003 0.002 0.002 0.002 0.002 0.002 
 49 UHA-0072    (0)   :  0.967 0.005 0.003 0.012 0.003 0.002 0.003 0.002 0.002 
 50 UHA-0073    (0)   :  0.981 0.004 0.002 0.003 0.002 0.002 0.002 0.002 0.002 
 51 UHA-0074    (0)   :  0.390 0.009 0.003 0.576 0.004 0.004 0.009 0.003 0.003 
 52 UHA-0076    (0)   :  0.979 0.005 0.002 0.005 0.002 0.002 0.002 0.002 0.002 
 53 UHA-0100    (0)   :  0.004 0.575 0.003 0.400 0.003 0.006 0.004 0.002 0.003 
 54 UHA-0102    (0)   :  0.004 0.008 0.002 0.975 0.002 0.002 0.003 0.002 0.002 
 55 UHA-0106    (0)   :  0.004 0.003 0.002 0.980 0.002 0.002 0.002 0.002 0.002 
 56 UHA-0110    (0)   :  0.015 0.238 0.003 0.714 0.004 0.004 0.017 0.002 0.003 
 57 UHA-0036    (7)   :  0.004 0.005 0.002 0.977 0.002 0.002 0.003 0.002 0.002 
 58 UHA-0037    (0)   :  0.035 0.006 0.011 0.911 0.009 0.007 0.003 0.012 0.006 
 59 UHA-0038    (0)   :  0.159 0.004 0.005 0.813 0.004 0.004 0.002 0.006 0.003 
 60 UHA-0089    (0)   :  0.981 0.004 0.002 0.002 0.002 0.002 0.002 0.002 0.002 
 61 UHA-0040    (0)   :  0.089 0.010 0.003 0.884 0.003 0.002 0.003 0.004 0.002 
 62 UHA-0041    (0)   :  0.005 0.004 0.002 0.978 0.002 0.002 0.002 0.002 0.002 
 63 UHA-0090    (0)   :  0.981 0.003 0.002 0.004 0.002 0.002 0.002 0.003 0.002 
 64 UHA-0059    (0)   :  0.003 0.005 0.002 0.982 0.002 0.002 0.002 0.002 0.002 
 65 UHA-0063    (0)   :  0.011 0.003 0.003 0.004 0.003 0.003 0.965 0.002 0.006 
 66 UHA-0082    (0)   :  0.977 0.004 0.002 0.006 0.002 0.002 0.002 0.002 0.002 
 67 UHA-0083    (0)   :  0.975 0.007 0.003 0.004 0.002 0.002 0.003 0.002 0.003 
 68 UHA-0084    (0)   :  0.968 0.009 0.003 0.008 0.003 0.002 0.003 0.002 0.002 
 69 UHA-0085    (0)   :  0.970 0.011 0.003 0.005 0.002 0.002 0.002 0.002 0.002 
 70 UHA-0086    (0)   :  0.975 0.007 0.003 0.004 0.002 0.002 0.002 0.002 0.002 
 71 UHA-0087    (0)   :  0.973 0.011 0.003 0.003 0.002 0.002 0.002 0.002 0.003 
 72 UHA-0088    (0)   :  0.965 0.013 0.003 0.005 0.002 0.002 0.003 0.003 0.003 
 73 UHA-0091    (0)   :  0.975 0.007 0.003 0.004 0.002 0.002 0.003 0.002 0.002 
 74 UHA-0113    (0)   :  0.004 0.006 0.002 0.978 0.002 0.002 0.002 0.002 0.002 
 75 UHA-0114    (7)   :  0.004 0.003 0.002 0.981 0.002 0.002 0.002 0.002 0.002 
 76 UHA-0115    (7)   :  0.008 0.521 0.003 0.448 0.003 0.003 0.007 0.004 0.003 
 77 UHA-0116    (0)   :  0.005 0.004 0.002 0.977 0.002 0.002 0.003 0.002 0.002 
 78 UHA-0118    (0)   :  0.007 0.003 0.002 0.978 0.002 0.002 0.002 0.002 0.002 
 79 UHA-0119    (0)   :  0.004 0.005 0.002 0.976 0.002 0.002 0.004 0.002 0.002 
 80 UHA-0120    (0)   :  0.005 0.002 0.002 0.979 0.003 0.002 0.002 0.002 0.002 
 81 UHA-0121    (0)   :  0.004 0.003 0.002 0.982 0.002 0.002 0.002 0.002 0.002 
 82 UHA-0122    (0)   :  0.003 0.003 0.002 0.979 0.002 0.002 0.004 0.002 0.002 
 83 UHA-0123    (0)   :  0.919 0.004 0.002 0.063 0.002 0.002 0.002 0.002 0.002 
 84 UHA-0124    (7)   :  0.153 0.006 0.003 0.823 0.003 0.003 0.003 0.004 0.002 
 85 UHA-0125    (0)   :  0.642 0.064 0.023 0.220 0.012 0.010 0.005 0.010 0.013 
 86 UHA-0128    (7)   :  0.968 0.008 0.003 0.004 0.003 0.002 0.006 0.003 0.002 
 87 UHA-0129    (7)   :  0.972 0.006 0.002 0.005 0.002 0.002 0.006 0.002 0.002 
 88 UHA-0130    (0)   :  0.978 0.004 0.002 0.005 0.002 0.002 0.002 0.002 0.002 
 89 UHA-0131    (0)   :  0.884 0.016 0.020 0.016 0.013 0.010 0.007 0.018 0.015 
 90 UHA-0132    (0)   :  0.813 0.004 0.013 0.129 0.008 0.010 0.012 0.005 0.006 
 91 UHA-0133    (7)   :  0.945 0.006 0.003 0.030 0.003 0.002 0.004 0.003 0.003 
 92 UHA-0134    (7)   :  0.976 0.004 0.002 0.006 0.002 0.002 0.002 0.003 0.002 
 93 UHA-0136    (0)   :  0.976 0.005 0.002 0.004 0.002 0.002 0.004 0.002 0.002 
 94 UHA-0137    (0)   :  0.980 0.004 0.002 0.004 0.002 0.002 0.002 0.002 0.002 
 95 UHA-0138    (0)   :  0.088 0.003 0.007 0.050 0.015 0.032 0.020 0.771 0.012 
 96 UHA-0139    (0)   :  0.120 0.003 0.003 0.853 0.004 0.002 0.003 0.009 0.003 
 97 UHA-0140    (0)   :  0.546 0.014 0.004 0.361 0.022 0.025 0.009 0.010 0.008 
 98 UHA-0141    (0)   :  0.127 0.008 0.006 0.829 0.005 0.004 0.011 0.007 0.003 
 99 UHA-0143    (0)   :  0.961 0.006 0.002 0.016 0.002 0.002 0.006 0.002 0.002 
100 UHA-0144    (0)   :  0.973 0.005 0.002 0.005 0.003 0.002 0.005 0.002 0.003 
101 UHA-0146    (7)   :  0.967 0.004 0.004 0.012 0.002 0.002 0.005 0.002 0.002 
102 UHA-0147    (7)   :  0.951 0.003 0.003 0.028 0.004 0.003 0.003 0.003 0.002 
103 UHA-0150    (0)   :  0.481 0.486 0.004 0.010 0.004 0.003 0.004 0.005 0.003 
104 UHA-0162    (7)   :  0.014 0.567 0.195 0.005 0.065 0.086 0.013 0.041 0.014 
105 UHA-0163    (0)   :  0.006 0.974 0.002 0.007 0.002 0.002 0.002 0.002 0.002 
106 UHA-0164   (15)   :  0.948 0.019 0.003 0.012 0.003 0.003 0.004 0.004 0.004 
107 UHA-0165    (0)   :  0.976 0.005 0.002 0.007 0.002 0.002 0.002 0.002 0.002 
108 UHA-0167   (23)   :  0.182 0.007 0.008 0.767 0.007 0.006 0.004 0.010 0.010 
109 UHA-0148    (0)   :  0.008 0.661 0.006 0.004 0.018 0.006 0.020 0.018 0.259 
110 UHA-0151    (0)   :  0.050 0.748 0.005 0.169 0.007 0.003 0.003 0.010 0.004 
111 UHA-0152    (0)   :  0.048 0.625 0.002 0.314 0.002 0.002 0.003 0.002 0.002 
112 UHA-0153    (0)   :  0.007 0.670 0.002 0.310 0.002 0.002 0.002 0.002 0.002 
113 UHA-0154    (0)   :  0.051 0.917 0.002 0.019 0.002 0.002 0.002 0.002 0.002 
114 UHA-0155    (0)   :  0.021 0.611 0.006 0.341 0.005 0.005 0.006 0.003 0.003 
115 UHA-0156    (0)   :  0.079 0.586 0.005 0.008 0.031 0.267 0.011 0.008 0.005 
116 UHA-0157    (7)   :  0.005 0.979 0.002 0.004 0.002 0.002 0.003 0.002 0.002 
117 UHA-0158    (0)   :  0.358 0.600 0.008 0.006 0.004 0.004 0.014 0.004 0.003 
118 UHA-0159    (0)   :  0.008 0.335 0.004 0.636 0.003 0.003 0.004 0.005 0.003 
119 UHA-0160    (0)   :  0.007 0.537 0.003 0.431 0.003 0.007 0.008 0.002 0.002 
120 UHA-0161    (0)   :  0.040 0.638 0.002 0.310 0.002 0.002 0.002 0.002 0.002 
121 UHA-0426    (0)   :  0.929 0.009 0.025 0.009 0.012 0.004 0.004 0.004 0.003 
122 UHA-0427    (0)   :  0.526 0.005 0.002 0.455 0.002 0.002 0.003 0.003 0.002 
123 UHA-0428    (0)   :  0.980 0.004 0.002 0.003 0.002 0.002 0.002 0.002 0.002 
124 UHA-0429    (0)   :  0.003 0.980 0.002 0.004 0.002 0.002 0.003 0.002 0.002 
125 UHA-0430    (0)   :  0.014 0.654 0.002 0.319 0.002 0.002 0.003 0.002 0.002 
126 UHA-0431    (0)   :  0.004 0.606 0.002 0.375 0.003 0.002 0.003 0.003 0.002 
127 UHA-0432    (7)   :  0.010 0.965 0.003 0.006 0.003 0.003 0.003 0.003 0.003 
128 UHA-0433    (0)   :  0.007 0.976 0.002 0.005 0.002 0.002 0.002 0.002 0.002 
129 UHA-0434    (0)   :  0.514 0.440 0.004 0.004 0.005 0.004 0.006 0.006 0.017 
130 UHA-0435    (0)   :  0.909 0.024 0.012 0.024 0.004 0.003 0.017 0.005 0.003 
131 UHA-0436    (0)   :  0.978 0.004 0.002 0.005 0.002 0.002 0.002 0.002 0.002 
132 UHA-0437    (0)   :  0.879 0.008 0.002 0.101 0.002 0.002 0.002 0.002 0.002 
133 UHA-0438    (0)   :  0.951 0.005 0.005 0.011 0.003 0.003 0.016 0.002 0.003 
134 UHA-0439    (0)   :  0.142 0.040 0.002 0.803 0.002 0.002 0.003 0.002 0.002 
135 UHA-0440    (0)   :  0.006 0.004 0.002 0.977 0.002 0.002 0.003 0.002 0.002 
136 UHA-0441    (0)   :  0.009 0.005 0.002 0.976 0.002 0.002 0.002 0.002 0.002 
137 UHA-0442    (0)   :  0.007 0.004 0.002 0.977 0.002 0.002 0.002 0.002 0.002 
138 UHA-0443    (0)   :  0.004 0.003 0.002 0.980 0.002 0.002 0.003 0.002 0.002 
139 UHA-0444    (0)   :  0.005 0.003 0.002 0.979 0.002 0.002 0.002 0.002 0.002 
140 UHA-0445    (0)   :  0.005 0.007 0.002 0.977 0.002 0.002 0.002 0.002 0.002 
141 UHA-0446    (0)   :  0.135 0.039 0.020 0.750 0.026 0.004 0.006 0.017 0.003 
142 UHA-0447    (0)   :  0.003 0.004 0.002 0.980 0.002 0.002 0.003 0.002 0.002 
143 UHA-0448    (0)   :  0.005 0.003 0.002 0.980 0.002 0.002 0.002 0.002 0.002 
144 UHA-0449    (0)   :  0.003 0.004 0.002 0.980 0.002 0.002 0.004 0.002 0.002 
145 UHA-0450    (0)   :  0.004 0.003 0.002 0.979 0.002 0.003 0.003 0.002 0.002 
146 UHA-0451    (0)   :  0.004 0.004 0.002 0.979 0.002 0.002 0.003 0.002 0.002 
147 UHA-0452    (0)   :  0.003 0.004 0.002 0.980 0.002 0.002 0.004 0.002 0.002 
148 UHA-0453    (0)   :  0.005 0.004 0.002 0.978 0.002 0.002 0.002 0.002 0.002 
149 UHA-0454    (0)   :  0.003 0.004 0.002 0.981 0.002 0.002 0.003 0.002 0.002 
150 UHA-0455    (0)   :  0.003 0.005 0.002 0.981 0.002 0.002 0.002 0.002 0.002 
151 UHA-0456    (0)   :  0.004 0.004 0.002 0.979 0.002 0.002 0.002 0.002 0.002 
152 UHA-0457    (0)   :  0.003 0.088 0.006 0.867 0.006 0.006 0.017 0.005 0.002 
153 UHA-0458    (0)   :  0.003 0.274 0.003 0.701 0.003 0.003 0.004 0.006 0.002 
154 UHA-0459    (0)   :  0.015 0.068 0.005 0.889 0.005 0.004 0.010 0.003 0.002 
155 UHA-0460    (0)   :  0.004 0.003 0.002 0.981 0.002 0.002 0.003 0.002 0.002 
156 UHA-0001    (0)   :  0.002 0.003 0.007 0.003 0.003 0.002 0.970 0.006 0.003 
157 UHA-0002    (0)   :  0.005 0.005 0.123 0.004 0.042 0.029 0.703 0.084 0.004 
158 UHA-0003    (0)   :  0.003 0.014 0.044 0.057 0.027 0.007 0.833 0.009 0.006 
159 UHA-0004    (7)   :  0.002 0.003 0.007 0.006 0.006 0.003 0.002 0.004 0.966 
160 UHA-0005    (0)   :  0.003 0.012 0.004 0.005 0.006 0.005 0.011 0.007 0.948 
161 UHA-0006    (0)   :  0.005 0.010 0.034 0.005 0.009 0.005 0.003 0.019 0.909 
162 UHA-0007    (0)   :  0.004 0.006 0.587 0.004 0.105 0.006 0.017 0.267 0.004 
163 UHA-0008    (0)   :  0.006 0.006 0.006 0.005 0.027 0.004 0.004 0.938 0.005 
164 UHA-0009    (0)   :  0.932 0.004 0.003 0.016 0.002 0.005 0.031 0.004 0.002 
165 UHA-0010    (7)   :  0.958 0.003 0.003 0.023 0.003 0.002 0.003 0.003 0.003 
166 UHA-0011    (0)   :  0.978 0.005 0.002 0.005 0.002 0.002 0.002 0.002 0.002 
167 UHA-0012    (0)   :  0.004 0.981 0.002 0.003 0.002 0.002 0.002 0.002 0.002 
168 UHA-0013    (0)   :  0.935 0.028 0.005 0.008 0.008 0.003 0.004 0.005 0.003 
169 UHA-0014    (0)   :  0.979 0.004 0.002 0.003 0.002 0.002 0.002 0.002 0.002 
170 UHA-0015    (0)   :  0.855 0.003 0.003 0.010 0.002 0.006 0.117 0.003 0.002 
171 UHA-0016   (15)   :  0.967 0.009 0.003 0.006 0.003 0.003 0.003 0.003 0.003 
172 UHA-0017    (7)   :  0.006 0.003 0.911 0.004 0.027 0.015 0.005 0.006 0.022 
173 UHA-0018    (7)   :  0.004 0.003 0.867 0.002 0.064 0.004 0.003 0.048 0.006 
174 UHA-0183    (7)   :  0.002 0.002 0.003 0.003 0.003 0.003 0.978 0.003 0.003 
175 UHA-0184    (0)   :  0.003 0.003 0.002 0.002 0.003 0.006 0.975 0.003 0.002 
176 UHA-0186    (0)   :  0.002 0.116 0.007 0.002 0.004 0.003 0.859 0.004 0.003 
177 UHA-0187    (0)   :  0.006 0.007 0.007 0.002 0.005 0.003 0.951 0.005 0.013 
178 UHA-0188    (0)   :  0.005 0.003 0.004 0.009 0.003 0.003 0.965 0.003 0.005 
179 UHA-0191    (0)   :  0.003 0.003 0.003 0.002 0.003 0.005 0.976 0.002 0.003 
180 UHA-0193    (7)   :  0.007 0.002 0.010 0.003 0.010 0.008 0.003 0.009 0.947 
181 UHA-0194   (15)   :  0.002 0.002 0.013 0.014 0.017 0.089 0.008 0.009 0.847 
182 UHA-0195   (23)   :  0.002 0.002 0.006 0.002 0.008 0.004 0.005 0.025 0.945 
183 UHA-0196    (7)   :  0.003 0.006 0.006 0.006 0.010 0.334 0.027 0.004 0.604 
184 UHA-0197   (15)   :  0.004 0.002 0.004 0.006 0.003 0.004 0.003 0.003 0.972 
185 UHA-0198    (7)   :  0.003 0.002 0.023 0.003 0.044 0.014 0.004 0.152 0.755 
186 UHA-0202    (7)   :  0.011 0.003 0.022 0.006 0.042 0.221 0.008 0.160 0.528 
187 UHA-0205    (7)   :  0.004 0.005 0.005 0.003 0.005 0.004 0.004 0.009 0.961 
188 UHA-0207    (7)   :  0.002 0.003 0.007 0.006 0.006 0.003 0.002 0.004 0.967 
189 UHA-0208    (7)   :  0.005 0.006 0.223 0.006 0.033 0.009 0.005 0.041 0.671 
190 UHA-0210    (7)   :  0.165 0.019 0.157 0.412 0.032 0.061 0.011 0.037 0.107 
191 UHA-0211    (7)   :  0.003 0.002 0.003 0.002 0.002 0.970 0.009 0.003 0.005 
192 UHA-0212   (15)   :  0.002 0.002 0.003 0.002 0.002 0.972 0.008 0.003 0.005 
193 UHA-0213    (0)   :  0.004 0.005 0.003 0.002 0.004 0.340 0.608 0.004 0.030 
194 UHA-0214    (0)   :  0.002 0.002 0.003 0.002 0.002 0.579 0.402 0.003 0.005 
195 UHA-0215    (0)   :  0.007 0.011 0.151 0.027 0.030 0.009 0.608 0.026 0.132 
196 UHA-0216   (15)   :  0.004 0.004 0.156 0.003 0.088 0.013 0.628 0.052 0.053 
197 UHA-0217    (0)   :  0.022 0.004 0.022 0.011 0.041 0.035 0.794 0.035 0.035 
198 UHA-0218    (0)   :  0.003 0.017 0.055 0.008 0.198 0.010 0.671 0.029 0.009 
199 UHA-0219   (15)   :  0.007 0.014 0.767 0.004 0.013 0.008 0.083 0.051 0.052 
200 UHA-0220    (0)   :  0.004 0.003 0.237 0.009 0.243 0.032 0.425 0.039 0.008 
201 UHA-0221    (0)   :  0.004 0.004 0.014 0.002 0.005 0.006 0.005 0.008 0.952 
202 UHA-0222    (7)   :  0.004 0.005 0.009 0.002 0.004 0.005 0.004 0.005 0.963 
203 UHA-0223    (0)   :  0.003 0.006 0.733 0.005 0.035 0.006 0.013 0.027 0.172 
204 UHA-0224    (0)   :  0.973 0.007 0.002 0.006 0.002 0.002 0.003 0.003 0.003 
205 UHA-0225    (0)   :  0.005 0.004 0.821 0.012 0.017 0.025 0.080 0.007 0.029 
206 UHA-0226    (0)   :  0.005 0.005 0.715 0.003 0.066 0.009 0.010 0.011 0.175 
207 UHA-0227    (0)   :  0.080 0.003 0.833 0.032 0.016 0.003 0.004 0.024 0.004 
208 UHA-0228    (0)   :  0.003 0.003 0.949 0.003 0.008 0.003 0.002 0.027 0.003 
209 UHA-0229    (7)   :  0.006 0.003 0.909 0.004 0.028 0.016 0.004 0.008 0.022 
210 UHA-0230    (7)   :  0.018 0.020 0.197 0.015 0.120 0.072 0.204 0.260 0.093 
211 UHA-0231    (0)   :  0.006 0.004 0.059 0.003 0.012 0.006 0.007 0.900 0.003 
212 UHA-0232    (0)   :  0.003 0.005 0.804 0.004 0.097 0.007 0.011 0.034 0.036 
213 UHA-0233    (7)   :  0.006 0.004 0.300 0.005 0.037 0.017 0.042 0.381 0.209 
214 UHA-0238    (7)   :  0.011 0.004 0.534 0.004 0.295 0.014 0.034 0.022 0.082 
215 UHA-0239    (0)   :  0.087 0.009 0.248 0.011 0.526 0.019 0.009 0.083 0.008 
216 UHA-0240    (0)   :  0.004 0.003 0.484 0.002 0.476 0.009 0.003 0.016 0.004 
217 UHA-0241    (0)   :  0.004 0.002 0.117 0.002 0.010 0.003 0.002 0.856 0.004 
218 UHA-0242    (0)   :  0.003 0.003 0.144 0.002 0.017 0.004 0.002 0.818 0.006 
219 UHA-0243    (7)   :  0.002 0.002 0.012 0.002 0.771 0.003 0.002 0.200 0.006 
220 UHA-0244    (0)   :  0.009 0.006 0.037 0.006 0.043 0.006 0.023 0.860 0.010 
221 UHA-0245    (7)   :  0.004 0.005 0.877 0.005 0.008 0.012 0.074 0.009 0.006 
222 UHA-0246    (7)   :  0.004 0.004 0.136 0.004 0.010 0.006 0.004 0.827 0.005 
223 UHA-0247    (7)   :  0.008 0.005 0.022 0.004 0.860 0.007 0.006 0.077 0.012 
224 UHA-0248    (0)   :  0.068 0.004 0.008 0.176 0.004 0.634 0.089 0.006 0.011 
225 UHA-0249    (7)   :  0.052 0.004 0.015 0.023 0.005 0.748 0.039 0.008 0.106 
226 UHA-0251    (0)   :  0.003 0.005 0.006 0.004 0.006 0.927 0.015 0.007 0.027 
227 UHA-0252    (7)   :  0.009 0.008 0.012 0.014 0.006 0.828 0.002 0.004 0.116 
228 UHA-0254    (7)   :  0.003 0.002 0.042 0.003 0.005 0.910 0.005 0.026 0.004 
229 UHA-0255    (7)   :  0.013 0.003 0.020 0.005 0.011 0.817 0.003 0.008 0.120 
230 UHA-0256   (15)   :  0.784 0.026 0.065 0.009 0.019 0.046 0.038 0.010 0.004 
231 UHA-0257    (0)   :  0.003 0.003 0.002 0.979 0.002 0.002 0.003 0.002 0.002 
232 UHA-0258    (7)   :  0.054 0.874 0.005 0.042 0.006 0.004 0.007 0.004 0.002 
233 UHA-0259    (7)   :  0.881 0.013 0.016 0.010 0.028 0.006 0.039 0.004 0.003 
234 UHA-0260    (0)   :  0.004 0.003 0.002 0.982 0.002 0.002 0.002 0.002 0.002 
235 UHA-0261    (0)   :  0.012 0.005 0.003 0.966 0.003 0.002 0.003 0.003 0.003 
236 UHA-0262    (0)   :  0.974 0.007 0.003 0.003 0.002 0.003 0.004 0.002 0.003 
237 UHA-0263    (0)   :  0.979 0.004 0.002 0.004 0.002 0.002 0.002 0.002 0.002 
238 UHA-0264    (0)   :  0.910 0.062 0.004 0.005 0.004 0.002 0.004 0.006 0.003 
239 UHA-0265    (0)   :  0.980 0.003 0.003 0.003 0.002 0.002 0.002 0.003 0.002 
240 UHA-0266    (7)   :  0.973 0.006 0.002 0.008 0.003 0.002 0.002 0.002 0.002 
241 UHA-0267    (0)   :  0.982 0.003 0.002 0.003 0.002 0.002 0.002 0.002 0.002 
242 UHA-0273    (7)   :  0.025 0.003 0.008 0.035 0.012 0.186 0.012 0.004 0.714 
243 UHA-0282    (0)   :  0.002 0.002 0.149 0.004 0.195 0.004 0.004 0.633 0.007 
244 UHA-0283    (7)   :  0.004 0.004 0.004 0.002 0.003 0.005 0.971 0.004 0.003 
245 UHA-0284    (0)   :  0.005 0.012 0.901 0.006 0.035 0.004 0.004 0.021 0.012 
246 UHA-0285    (0)   :  0.002 0.002 0.002 0.002 0.002 0.003 0.980 0.003 0.004 
247 UHA-0286    (0)   :  0.003 0.010 0.008 0.007 0.147 0.026 0.697 0.098 0.003 
248 UHA-0287   (23)   :  0.003 0.003 0.004 0.002 0.003 0.010 0.966 0.003 0.006 
249 UHA-0288    (7)   :  0.003 0.314 0.603 0.003 0.043 0.011 0.004 0.014 0.005 
250 UHA-0289    (7)   :  0.003 0.002 0.024 0.002 0.018 0.013 0.004 0.933 0.003 
251 UHA-0294    (7)   :  0.008 0.003 0.011 0.004 0.013 0.006 0.007 0.935 0.013 
252 UHA-0295   (15)   :  0.008 0.020 0.042 0.006 0.347 0.006 0.014 0.503 0.055 
253 UHA-0299    (0)   :  0.006 0.002 0.020 0.005 0.399 0.004 0.003 0.557 0.004 
254 UHA-0300    (0)   :  0.002 0.002 0.006 0.002 0.003 0.026 0.938 0.003 0.016 
255 UHA-0301    (0)   :  0.005 0.002 0.962 0.002 0.006 0.003 0.003 0.015 0.003 
256 UHA-0302    (7)   :  0.006 0.003 0.956 0.003 0.014 0.003 0.003 0.007 0.004 
257 UHA-0303    (0)   :  0.005 0.270 0.541 0.003 0.028 0.006 0.009 0.126 0.012 
258 UHA-0304    (0)   :  0.005 0.002 0.770 0.006 0.150 0.034 0.016 0.013 0.003 
259 UHA-0305    (7)   :  0.003 0.008 0.958 0.002 0.006 0.004 0.003 0.014 0.003 
260 UHA-0306   (15)   :  0.004 0.010 0.872 0.005 0.016 0.006 0.003 0.078 0.005 
261 UHA-0307    (0)   :  0.003 0.003 0.004 0.005 0.969 0.003 0.003 0.007 0.004 
262 UHA-0308   (15)   :  0.003 0.003 0.942 0.002 0.021 0.004 0.006 0.011 0.009 
263 UHA-0309    (0)   :  0.002 0.002 0.011 0.002 0.958 0.008 0.005 0.008 0.004 
264 UHA-0310    (0)   :  0.002 0.002 0.019 0.003 0.892 0.006 0.002 0.063 0.011 
265 UHA-0311    (0)   :  0.002 0.002 0.003 0.002 0.003 0.004 0.970 0.009 0.005 
266 UHA-0312    (7)   :  0.003 0.002 0.657 0.003 0.300 0.006 0.012 0.009 0.007 
267 UHA-0313    (0)   :  0.003 0.003 0.433 0.003 0.517 0.007 0.014 0.015 0.004 
268 UHA-0314   (23)   :  0.008 0.005 0.003 0.009 0.004 0.007 0.954 0.006 0.004 
269 UHA-0316    (0)   :  0.007 0.004 0.014 0.012 0.899 0.005 0.005 0.048 0.007 
270 UHA-0317    (7)   :  0.009 0.002 0.012 0.104 0.125 0.011 0.017 0.713 0.007 
271 UHA-0318    (7)   :  0.004 0.003 0.483 0.003 0.477 0.006 0.003 0.014 0.006 
272 UHA-0319    (0)   :  0.002 0.002 0.002 0.002 0.004 0.002 0.976 0.004 0.005 
273 UHA-0320    (0)   :  0.067 0.003 0.004 0.004 0.003 0.004 0.906 0.005 0.004 
274 UHA-0321    (7)   :  0.004 0.002 0.956 0.003 0.011 0.008 0.002 0.008 0.005 
275 UHA-0322    (0)   :  0.010 0.002 0.015 0.005 0.938 0.005 0.009 0.005 0.011 
276 UHA-0323    (0)   :  0.003 0.003 0.009 0.003 0.006 0.009 0.930 0.013 0.024 
277 UHA-0324    (7)   :  0.010 0.022 0.003 0.004 0.005 0.004 0.945 0.005 0.003 
278 UHA-0325    (0)   :  0.002 0.005 0.003 0.007 0.003 0.005 0.968 0.003 0.005 
279 UHA-0326    (0)   :  0.002 0.023 0.007 0.002 0.009 0.003 0.939 0.011 0.003 
280 UHA-0327    (7)   :  0.004 0.004 0.003 0.003 0.005 0.004 0.971 0.004 0.003 
281 UHA-0329    (0)   :  0.003 0.003 0.692 0.002 0.198 0.027 0.005 0.056 0.016 
282 UHA-0330    (0)   :  0.003 0.003 0.670 0.004 0.125 0.018 0.008 0.163 0.007 
283 UHA-0331   (23)   :  0.006 0.006 0.004 0.004 0.005 0.009 0.958 0.004 0.004 
284 UHA-0332    (0)   :  0.004 0.002 0.006 0.003 0.029 0.003 0.003 0.944 0.006 
285 UHA-0333    (0)   :  0.002 0.003 0.003 0.002 0.004 0.005 0.975 0.003 0.003 
286 UHA-0334    (0)   :  0.002 0.008 0.006 0.005 0.004 0.009 0.959 0.004 0.004 
287 UHA-0335   (15)   :  0.003 0.002 0.778 0.003 0.144 0.008 0.004 0.047 0.010 
288 UHA-0337    (0)   :  0.007 0.003 0.173 0.004 0.744 0.005 0.005 0.026 0.034 
289 UHA-0338    (7)   :  0.005 0.003 0.010 0.006 0.024 0.068 0.870 0.009 0.005 
290 UHA-0339    (0)   :  0.002 0.006 0.052 0.003 0.005 0.008 0.912 0.005 0.008 
291 UHA-0340    (0)   :  0.007 0.011 0.450 0.010 0.087 0.046 0.006 0.274 0.110 
292 UHA-0343    (0)   :  0.003 0.010 0.008 0.007 0.147 0.027 0.697 0.096 0.003 
293 UHA-0345    (0)   :  0.014 0.010 0.015 0.002 0.011 0.006 0.002 0.936 0.003 
294 UHA-0346    (7)   :  0.002 0.006 0.115 0.002 0.053 0.018 0.024 0.773 0.008 
295 UHA-0347    (7)   :  0.015 0.040 0.179 0.002 0.552 0.006 0.003 0.194 0.009 
296 UHA-0348    (0)   :  0.003 0.006 0.011 0.003 0.929 0.003 0.003 0.021 0.020 
297 UHA-0349   (23)   :  0.005 0.018 0.015 0.006 0.490 0.005 0.004 0.452 0.006 
298 UHA-0350    (0)   :  0.004 0.005 0.003 0.003 0.003 0.003 0.974 0.004 0.002 
299 UHA-0354    (0)   :  0.005 0.009 0.020 0.004 0.645 0.054 0.017 0.051 0.195 
300 UHA-0352    (7)   :  0.003 0.002 0.043 0.003 0.183 0.003 0.004 0.749 0.009 
301 UHA-0353    (7)   :  0.004 0.003 0.083 0.002 0.746 0.012 0.005 0.125 0.020 
302 UHA-0172    (0)   :  0.002 0.002 0.005 0.001 0.007 0.003 0.002 0.006 0.972 
303 UHA-0174    (0)   :  0.007 0.005 0.020 0.007 0.575 0.044 0.011 0.154 0.177 
304 UHA-0175    (0)   :  0.012 0.002 0.195 0.007 0.206 0.007 0.003 0.556 0.013 
305 UHA-0176    (0)   :  0.011 0.003 0.003 0.005 0.003 0.003 0.965 0.002 0.006 
306 UHA-0177    (7)   :  0.006 0.028 0.372 0.012 0.388 0.040 0.011 0.130 0.011 
307 UHA-0178    (0)   :  0.013 0.004 0.005 0.003 0.004 0.003 0.960 0.002 0.008 
308 UHA-0179    (7)   :  0.004 0.006 0.013 0.003 0.013 0.143 0.029 0.012 0.776 
309 UHA-0189    (0)   :  0.006 0.004 0.003 0.010 0.003 0.004 0.963 0.003 0.004 
310 UHA-0190    (0)   :  0.003 0.003 0.003 0.004 0.003 0.005 0.972 0.003 0.005 
311 UHA-0199    (7)   :  0.005 0.002 0.011 0.004 0.010 0.014 0.007 0.008 0.938 
312 UHA-0276    (0)   :  0.002 0.003 0.003 0.002 0.004 0.973 0.005 0.004 0.004 
313 UHA-0277    (7)   :  0.003 0.003 0.006 0.002 0.005 0.931 0.041 0.006 0.003 
314 UHA-0203    (7)   :  0.002 0.002 0.002 0.002 0.002 0.003 0.003 0.002 0.981 
315 UHA-0204    (0)   :  0.004 0.003 0.004 0.002 0.006 0.004 0.004 0.003 0.970 
316 UHA-0234    (0)   :  0.003 0.004 0.290 0.003 0.246 0.005 0.008 0.424 0.017 
317 UHA-0235    (0)   :  0.005 0.006 0.010 0.004 0.073 0.006 0.004 0.852 0.040 
318 UHA-0236    (0)   :  0.010 0.005 0.033 0.003 0.166 0.036 0.081 0.022 0.645 
319 UHA-0268    (0)   :  0.396 0.008 0.089 0.340 0.021 0.096 0.004 0.041 0.005 
320 UHA-0269    (0)   :  0.082 0.005 0.006 0.022 0.026 0.844 0.006 0.006 0.004 
321 UHA-0270    (7)   :  0.051 0.194 0.208 0.028 0.140 0.067 0.274 0.030 0.008 
322 UHA-0271    (0)   :  0.330 0.014 0.037 0.093 0.013 0.019 0.448 0.019 0.026 
323 UHA-0272    (0)   :  0.009 0.043 0.103 0.493 0.273 0.015 0.014 0.009 0.042 
324 UHA-0355    (7)   :  0.002 0.004 0.251 0.003 0.495 0.023 0.003 0.193 0.026 
325 UHA-0356    (0)   :  0.061 0.021 0.013 0.019 0.830 0.006 0.004 0.039 0.007 
326 UHA-0357    (0)   :  0.002 0.007 0.467 0.004 0.481 0.011 0.010 0.013 0.005 
327 UHA-0358    (0)   :  0.017 0.013 0.685 0.003 0.200 0.005 0.003 0.066 0.008 
328 UHA-0359    (0)   :  0.012 0.010 0.022 0.004 0.815 0.029 0.036 0.063 0.010 
329 UHA-0361   (23)   :  0.004 0.003 0.012 0.012 0.785 0.007 0.012 0.157 0.008 
330 UHA-0362    (0)   :  0.006 0.020 0.039 0.009 0.150 0.003 0.008 0.759 0.007 
331 UHA-0363   (15)   :  0.005 0.004 0.372 0.007 0.532 0.004 0.006 0.045 0.026 
332 UHA-0379    (0)   :  0.050 0.029 0.002 0.028 0.003 0.003 0.880 0.002 0.003 
333 UHA-0365    (0)   :  0.002 0.003 0.006 0.004 0.969 0.002 0.003 0.006 0.004 
334 UHA-0366    (0)   :  0.015 0.020 0.020 0.009 0.895 0.021 0.005 0.007 0.008 
335 UHA-0367    (0)   :  0.005 0.003 0.018 0.004 0.006 0.008 0.938 0.009 0.008 
336 UHA-0368    (0)   :  0.003 0.002 0.003 0.005 0.003 0.007 0.970 0.003 0.005 
337 UHA-0369    (0)   :  0.003 0.003 0.002 0.002 0.002 0.002 0.981 0.002 0.002 
338 UHA-0370    (7)   :  0.003 0.003 0.007 0.003 0.008 0.007 0.953 0.005 0.011 
339 UHA-0371    (7)   :  0.006 0.056 0.005 0.022 0.004 0.007 0.888 0.010 0.003 
340 UHA-0372    (7)   :  0.013 0.010 0.010 0.005 0.928 0.004 0.004 0.013 0.013 
341 UHA-0373   (15)   :  0.002 0.002 0.013 0.002 0.010 0.013 0.003 0.952 0.003 
342 UHA-0374    (0)   :  0.003 0.025 0.128 0.002 0.394 0.136 0.004 0.225 0.082 
343 UHA-0375    (0)   :  0.004 0.003 0.006 0.004 0.007 0.006 0.004 0.959 0.007 
344 UHA-0376    (0)   :  0.004 0.017 0.319 0.002 0.047 0.004 0.002 0.558 0.046 
345 UHA-0377    (0)   :  0.002 0.003 0.002 0.002 0.003 0.004 0.978 0.003 0.003 
346 UHA-0378    (0)   :  0.004 0.004 0.003 0.004 0.003 0.003 0.973 0.003 0.003 
347 UHA-0380    (7)   :  0.012 0.004 0.014 0.004 0.016 0.012 0.927 0.007 0.004 
348 UHA-0381    (0)   :  0.003 0.003 0.004 0.002 0.004 0.013 0.963 0.004 0.004 
349 UHA-0382    (0)   :  0.002 0.002 0.003 0.003 0.003 0.007 0.969 0.003 0.008 
350 UHA-0383   (15)   :  0.003 0.010 0.010 0.007 0.007 0.016 0.885 0.004 0.058 
351 UHA-0384    (7)   :  0.003 0.003 0.009 0.002 0.008 0.006 0.955 0.011 0.002 
352 UHA-0385    (0)   :  0.002 0.002 0.012 0.002 0.004 0.003 0.967 0.004 0.004 
353 UHA-0386    (7)   :  0.002 0.002 0.003 0.002 0.002 0.003 0.982 0.002 0.002 
354 UHA-0387    (0)   :  0.002 0.002 0.007 0.002 0.006 0.003 0.972 0.003 0.002 
355 UHA-0388    (0)   :  0.007 0.003 0.005 0.004 0.005 0.003 0.968 0.003 0.002 
356 UHA-0389    (7)   :  0.003 0.002 0.007 0.003 0.005 0.003 0.962 0.010 0.005 
357 UHA-0390    (0)   :  0.003 0.003 0.003 0.003 0.002 0.002 0.979 0.003 0.002 
358 UHA-0391    (0)   :  0.005 0.003 0.004 0.004 0.005 0.028 0.941 0.007 0.003 
359 UHA-0392    (0)   :  0.044 0.029 0.002 0.024 0.003 0.003 0.891 0.002 0.003 
360 UHA-0393    (0)   :  0.005 0.009 0.003 0.004 0.005 0.009 0.958 0.003 0.003 
361 UHA-0394    (0)   :  0.003 0.003 0.034 0.003 0.016 0.010 0.919 0.006 0.007 
362 UHA-0395    (7)   :  0.007 0.003 0.891 0.005 0.009 0.008 0.009 0.065 0.004 
363 UHA-0396    (0)   :  0.003 0.002 0.901 0.004 0.007 0.008 0.008 0.062 0.004 
364 UHA-0397    (7)   :  0.011 0.004 0.368 0.004 0.502 0.008 0.015 0.051 0.038 
365 UHA-0398    (0)   :  0.020 0.048 0.307 0.020 0.317 0.152 0.009 0.105 0.022 
366 UHA-0399    (7)   :  0.003 0.002 0.859 0.004 0.075 0.006 0.006 0.039 0.006 
367 UHA-0400    (0)   :  0.003 0.003 0.007 0.004 0.841 0.003 0.002 0.135 0.003 
368 UHA-0401   (15)   :  0.004 0.003 0.639 0.005 0.046 0.013 0.012 0.274 0.005 
369 UHA-0402   (23)   :  0.003 0.004 0.482 0.005 0.457 0.006 0.006 0.031 0.006 
370 UHA-0404    (0)   :  0.008 0.060 0.014 0.003 0.003 0.003 0.902 0.003 0.003 
371 UHA-0405    (0)   :  0.003 0.003 0.851 0.005 0.034 0.009 0.026 0.055 0.014 
372 UHA-0406    (0)   :  0.002 0.006 0.005 0.002 0.005 0.002 0.002 0.973 0.003 
373 UHA-0407    (0)   :  0.002 0.003 0.259 0.005 0.700 0.004 0.003 0.021 0.003 
374 UHA-0408    (0)   :  0.002 0.002 0.004 0.002 0.003 0.003 0.980 0.003 0.002 
375 UHA-0409    (0)   :  0.007 0.006 0.428 0.024 0.434 0.003 0.002 0.092 0.003 
376 UHA-0410    (0)   :  0.003 0.003 0.005 0.002 0.007 0.005 0.968 0.005 0.003 
377 UHA-0411    (7)   :  0.002 0.003 0.589 0.004 0.324 0.003 0.003 0.066 0.007 
378 UHA-0412    (0)   :  0.003 0.003 0.005 0.002 0.007 0.004 0.968 0.005 0.003 
379 UHA-0413    (0)   :  0.012 0.010 0.021 0.002 0.012 0.005 0.043 0.891 0.004 
380 UHA-0414    (0)   :  0.002 0.002 0.004 0.002 0.004 0.003 0.975 0.004 0.004 
381 UHA-0415    (0)   :  0.002 0.002 0.003 0.002 0.003 0.003 0.980 0.003 0.003 
382 UHA-0416    (0)   :  0.004 0.002 0.006 0.003 0.004 0.007 0.968 0.004 0.002 
383 UHA-0417    (0)   :  0.053 0.017 0.007 0.092 0.005 0.005 0.813 0.004 0.004 
384 UHA-0418    (0)   :  0.003 0.003 0.002 0.002 0.002 0.003 0.980 0.002 0.003 
385 UHA-0419    (0)   :  0.002 0.002 0.003 0.002 0.003 0.004 0.976 0.004 0.004 
386 UHA-0420    (0)   :  0.003 0.004 0.035 0.003 0.041 0.004 0.002 0.904 0.003 
387 UHA-0421    (0)   :  0.009 0.006 0.007 0.004 0.938 0.009 0.011 0.012 0.004 
388 UHA-0422    (0)   :  0.004 0.005 0.024 0.011 0.068 0.014 0.814 0.056 0.005 
389 UHA-0423    (0)   :  0.003 0.003 0.006 0.003 0.005 0.004 0.968 0.004 0.003 
390 UHA-0424    (0)   :  0.005 0.003 0.729 0.002 0.175 0.006 0.012 0.026 0.042 
391 UHA-0425    (0)   :  0.029 0.011 0.016 0.015 0.887 0.004 0.002 0.033 0.003 
392 UHA-0461    (0)   :  0.005 0.186 0.297 0.004 0.267 0.019 0.008 0.154 0.060 
393 UHA-0462    (7)   :  0.012 0.005 0.660 0.003 0.022 0.004 0.003 0.286 0.005 
394 UHA-0463    (7)   :  0.002 0.002 0.004 0.002 0.008 0.002 0.002 0.975 0.003 
395 UHA-0464    (0)   :  0.004 0.004 0.006 0.002 0.009 0.002 0.003 0.966 0.003 
396 UHA-0465    (0)   :  0.088 0.006 0.012 0.031 0.025 0.004 0.003 0.826 0.004 
397 UHA-0466    (0)   :  0.002 0.003 0.527 0.002 0.392 0.004 0.004 0.048 0.019 
398 UHA-0467    (7)   :  0.002 0.015 0.242 0.004 0.642 0.006 0.003 0.074 0.013 
399 UHA-0468    (0)   :  0.044 0.007 0.736 0.007 0.068 0.010 0.005 0.108 0.014 
400 UHA-0469    (0)   :  0.008 0.006 0.030 0.007 0.391 0.009 0.005 0.531 0.013 
401 UHA-0470    (0)   :  0.005 0.002 0.014 0.003 0.936 0.006 0.011 0.018 0.005 
402 UHA-0471    (0)   :  0.002 0.002 0.014 0.002 0.953 0.004 0.002 0.007 0.014 
403 UHA-0472    (7)   :  0.002 0.002 0.488 0.003 0.115 0.010 0.003 0.372 0.005 
404 UHA-0473    (0)   :  0.011 0.002 0.936 0.008 0.012 0.007 0.003 0.013 0.007 
405 UHA-0474    (0)   :  0.006 0.004 0.178 0.003 0.095 0.011 0.007 0.650 0.046 
406 UHA-0475    (0)   :  0.002 0.002 0.121 0.002 0.046 0.003 0.002 0.816 0.007 
407 UHA-0180    (0)   :  0.002 0.003 0.963 0.003 0.011 0.004 0.002 0.008 0.003 
408 UHA-0181    (0)   :  0.008 0.002 0.108 0.004 0.617 0.014 0.003 0.240 0.004 
409 UHA-0182    (7)   :  0.005 0.002 0.017 0.008 0.738 0.134 0.002 0.029 0.064 
410 UHA-0278    (0)   :  0.005 0.003 0.003 0.003 0.006 0.969 0.005 0.003 0.003 
411 UHA-0279    (0)   :  0.003 0.003 0.005 0.002 0.005 0.003 0.963 0.005 0.012 
412 UHA-0280    (0)   :  0.003 0.003 0.183 0.002 0.572 0.005 0.005 0.216 0.011 
413 UHA-0291    (0)   :  0.002 0.002 0.002 0.003 0.002 0.002 0.982 0.002 0.003 
414 UHA-0315    (0)   :  0.025 0.006 0.091 0.004 0.324 0.023 0.039 0.133 0.354 
415 UHA-0328    (0)   :  0.005 0.003 0.866 0.001 0.011 0.003 0.003 0.106 0.003 
416 UHA-0344    (0)   :  0.002 0.002 0.040 0.002 0.044 0.004 0.002 0.900 0.004 
417 UHA-0351    (0)   :  0.013 0.010 0.004 0.958 0.003 0.003 0.003 0.005 0.002 


Estimated Allele Frequencies in each cluster
First column gives estimated ancestral frequencies


Locus 1 : 
10 alleles
1.9% missing data
   4   (0.184) 0.507 0.487 0.263 0.018 0.135 0.256 0.389 0.070 0.028 
   3   (0.546) 0.477 0.500 0.533 0.743 0.685 0.602 0.455 0.736 0.316 
   2   (0.124) 0.014 0.003 0.129 0.088 0.049 0.060 0.121 0.171 0.071 
   9   (0.015) 0.000 0.003 0.002 0.149 0.002 0.004 0.000 0.002 0.002 
   8   (0.015) 0.000 0.004 0.002 0.000 0.003 0.020 0.000 0.002 0.002 
   5   (0.047) 0.000 0.001 0.023 0.000 0.115 0.016 0.001 0.010 0.573 
  10   (0.016) 0.000 0.000 0.002 0.000 0.002 0.027 0.000 0.002 0.002 
   7   (0.017) 0.000 0.000 0.032 0.000 0.002 0.004 0.000 0.002 0.002 
   6   (0.017) 0.000 0.000 0.002 0.000 0.002 0.005 0.027 0.002 0.002 
   1   (0.020) 0.000 0.000 0.013 0.000 0.003 0.006 0.005 0.003 0.003 

Locus 2 : 
20 alleles
1.0% missing data
  13   (0.169) 0.483 0.264 0.306 0.386 0.161 0.056 0.006 0.262 0.117 
  15   (0.129) 0.342 0.007 0.096 0.200 0.198 0.125 0.004 0.112 0.064 
   6   (0.029) 0.167 0.002 0.003 0.199 0.004 0.014 0.001 0.003 0.010 
  14   (0.132) 0.001 0.409 0.195 0.209 0.271 0.047 0.005 0.190 0.047 
   3   (0.018) 0.000 0.000 0.002 0.000 0.002 0.006 0.860 0.002 0.002 
  17   (0.039) 0.001 0.001 0.044 0.001 0.018 0.018 0.001 0.113 0.008 
   5   (0.014) 0.000 0.303 0.002 0.000 0.002 0.004 0.000 0.002 0.001 
   8   (0.048) 0.001 0.003 0.018 0.001 0.013 0.070 0.022 0.010 0.117 
   4   (0.016) 0.000 0.000 0.002 0.000 0.002 0.005 0.066 0.002 0.002 
  12   (0.031) 0.000 0.001 0.006 0.000 0.008 0.077 0.001 0.005 0.287 
  11   (0.086) 0.001 0.002 0.056 0.001 0.051 0.087 0.015 0.134 0.224 
   9   (0.046) 0.000 0.001 0.035 0.000 0.016 0.067 0.007 0.038 0.007 
  10   (0.041) 0.000 0.001 0.035 0.000 0.015 0.162 0.002 0.015 0.006 
  18   (0.047) 0.001 0.001 0.101 0.000 0.090 0.016 0.002 0.031 0.006 
   2   (0.020) 0.000 0.001 0.002 0.000 0.003 0.008 0.004 0.002 0.064 
  16   (0.065) 0.001 0.002 0.060 0.001 0.123 0.063 0.002 0.052 0.030 
   7   (0.018) 0.000 0.000 0.002 0.000 0.002 0.160 0.000 0.002 0.002 
  19   (0.018) 0.000 0.000 0.010 0.000 0.003 0.005 0.001 0.016 0.002 
   1   (0.015) 0.000 0.000 0.011 0.000 0.002 0.004 0.000 0.002 0.002 
  20   (0.022) 0.000 0.001 0.017 0.000 0.016 0.006 0.001 0.006 0.002 

Locus 3 : 
21 alleles
0.5% missing data
   1   (0.073) 0.068 0.004 0.075 0.160 0.071 0.092 0.006 0.067 0.013 
  12   (0.066) 0.322 0.138 0.041 0.113 0.016 0.021 0.050 0.020 0.063 
  13   (0.073) 0.372 0.065 0.052 0.220 0.013 0.116 0.002 0.078 0.050 
  11   (0.070) 0.122 0.284 0.025 0.065 0.061 0.037 0.011 0.045 0.022 
   5   (0.116) 0.001 0.169 0.168 0.004 0.145 0.166 0.370 0.172 0.019 
   6   (0.064) 0.106 0.312 0.010 0.100 0.028 0.057 0.134 0.019 0.023 
   2   (0.057) 0.001 0.003 0.025 0.129 0.193 0.020 0.002 0.244 0.029 
  10   (0.078) 0.001 0.005 0.055 0.203 0.043 0.107 0.025 0.055 0.114 
   4   (0.065) 0.001 0.001 0.063 0.001 0.037 0.177 0.167 0.014 0.127 
  15   (0.035) 0.003 0.010 0.009 0.000 0.012 0.011 0.025 0.011 0.096 
   8   (0.082) 0.001 0.003 0.234 0.002 0.240 0.027 0.048 0.224 0.020 
   9   (0.043) 0.000 0.001 0.053 0.000 0.093 0.013 0.002 0.020 0.182 
  16   (0.019) 0.000 0.000 0.002 0.000 0.003 0.005 0.026 0.002 0.064 
   3   (0.025) 0.000 0.001 0.098 0.000 0.008 0.051 0.001 0.004 0.003 
   7   (0.051) 0.001 0.001 0.078 0.000 0.014 0.068 0.089 0.015 0.068 
  14   (0.020) 0.000 0.000 0.002 0.000 0.012 0.005 0.001 0.002 0.065 
  18   (0.012) 0.000 0.000 0.001 0.000 0.002 0.010 0.000 0.001 0.015 
  20   (0.013) 0.000 0.000 0.001 0.000 0.002 0.004 0.026 0.002 0.002 
  19   (0.011) 0.000 0.000 0.001 0.000 0.002 0.004 0.006 0.001 0.002 
