

----------------------------------------------------
STRUCTURE by Pritchard, Stephens and Donnelly (2000)
     and Falush, Stephens and Pritchard (2003)
       Code by Pritchard, Falush and Hubisz
             Version 2.3.4 (Jul 2012)
----------------------------------------------------



Command line arguments:   bin\structure -m C:\Users\eschumacher\Documents\GitHub\USBGHybridAcornsREU2023\Analysis\STRUCTURE\All_Loci\UHA_all_loci_nopop\200-200\mainparams -e C:\Users\eschumacher\Documents\GitHub\USBGHybridAcornsREU2023\Analysis\STRUCTURE\All_Loci\UHA_all_loci_nopop\200-200\extraparams 
Input File:    C:\Users\eschumacher\Documents\GitHub\USBGHybridAcornsREU2023\Analysis\STRUCTURE\All_Loci\UHA_all_loci_nopop\project_data

Run parameters:
   417 individuals
   13 loci
   8 populations assumed
   200000 Burn-in period
   200000 Reps


--------------------------------------------
Overall proportion of membership of the
sample in each of the 8 clusters

Inferred Clusters
  1      2      3      4      5      6      7      8    
0.058  0.209  0.096  0.181  0.213  0.040  0.114  0.089  

--------------------------------------------

Allele-freq. divergence among pops (Net nucleotide distance),
computed using point estimates of P.

      1       2       3       4       5       6       7       8      
 1      -    0.2117  0.1063  0.1751  0.1903  0.0823  0.1044  0.1144  
 2   0.2117     -    0.1843  0.2069  0.0873  0.1536  0.1962  0.2065  
 3   0.1063  0.1843     -    0.1747  0.1838  0.0645  0.0214  0.0256  
 4   0.1751  0.2069  0.1747     -    0.1986  0.1310  0.1791  0.1914  
 5   0.1903  0.0873  0.1838  0.1986     -    0.1445  0.1815  0.1745  
 6   0.0823  0.1536  0.0645  0.1310  0.1445     -    0.0739  0.0743  
 7   0.1044  0.1962  0.0214  0.1791  0.1815  0.0739     -    0.0272  
 8   0.1144  0.2065  0.0256  0.1914  0.1745  0.0743  0.0272     -    

Average distances (expected heterozygosity) between individuals in same cluster:
cluster  1  : 0.6618 
cluster  2  : 0.5249 
cluster  3  : 0.7115 
cluster  4  : 0.5059 
cluster  5  : 0.5420 
cluster  6  : 0.7958 
cluster  7  : 0.6855 
cluster  8  : 0.6866 

--------------------------------------------
Estimated Ln Prob of Data   = -15132.0
Mean value of ln likelihood = -14622.7
Variance of ln likelihood   = 1018.7
Mean value of alpha         = 0.0318

Mean value of Fst_1         = 0.1503
Mean value of Fst_2         = 0.4132
Mean value of Fst_3         = 0.0737
Mean value of Fst_4         = 0.1905
Mean value of Fst_5         = 0.3569
Mean value of Fst_6         = 0.0823
Mean value of Fst_7         = 0.0842
Mean value of Fst_8         = 0.0959


Inferred ancestry of individuals:
        Label (%Miss) :  Inferred clusters
  1 UHA-0126    (0)   :  0.004 0.005 0.006 0.013 0.950 0.006 0.004 0.012 
  2 UHA-0127   (15)   :  0.002 0.009 0.003 0.003 0.976 0.002 0.002 0.002 
  3 UHA-0135    (0)   :  0.003 0.897 0.005 0.008 0.079 0.003 0.003 0.003 
  4 UHA-0166    (0)   :  0.021 0.114 0.012 0.004 0.812 0.010 0.016 0.011 
  5 UHA-0169    (0)   :  0.008 0.014 0.029 0.011 0.680 0.242 0.010 0.007 
  6 UHA-0058    (7)   :  0.003 0.971 0.002 0.003 0.012 0.003 0.003 0.003 
  7 UHA-0020    (0)   :  0.002 0.985 0.002 0.002 0.004 0.002 0.002 0.002 
  8 UHA-0023   (15)   :  0.002 0.972 0.002 0.002 0.014 0.002 0.002 0.002 
  9 UHA-0025    (0)   :  0.002 0.976 0.004 0.004 0.005 0.003 0.003 0.003 
 10 UHA-0026    (7)   :  0.003 0.957 0.003 0.003 0.024 0.003 0.003 0.004 
 11 UHA-0027    (0)   :  0.002 0.982 0.003 0.002 0.004 0.002 0.002 0.002 
 12 UHA-0028    (0)   :  0.002 0.984 0.002 0.002 0.005 0.002 0.002 0.002 
 13 UHA-0099    (0)   :  0.003 0.970 0.003 0.012 0.003 0.003 0.004 0.003 
 14 UHA-0029    (0)   :  0.002 0.983 0.002 0.004 0.004 0.002 0.002 0.002 
 15 UHA-0043   (15)   :  0.004 0.970 0.004 0.004 0.011 0.003 0.003 0.003 
 16 UHA-0045    (0)   :  0.002 0.979 0.002 0.002 0.008 0.002 0.002 0.002 
 17 UHA-0047    (0)   :  0.003 0.967 0.003 0.009 0.009 0.003 0.003 0.003 
 18 UHA-0050    (0)   :  0.005 0.891 0.004 0.003 0.073 0.006 0.006 0.011 
 19 UHA-0052    (0)   :  0.004 0.951 0.013 0.004 0.010 0.010 0.003 0.005 
 20 UHA-0056    (7)   :  0.002 0.477 0.005 0.014 0.488 0.003 0.006 0.004 
 21 UHA-0068    (7)   :  0.004 0.006 0.003 0.004 0.975 0.002 0.003 0.003 
 22 UHA-0070    (0)   :  0.003 0.003 0.002 0.003 0.983 0.002 0.002 0.002 
 23 UHA-0071    (7)   :  0.002 0.004 0.002 0.002 0.982 0.002 0.003 0.003 
 24 UHA-0075   (15)   :  0.005 0.190 0.015 0.003 0.764 0.004 0.014 0.005 
 25 UHA-0077    (0)   :  0.002 0.010 0.002 0.002 0.976 0.002 0.003 0.002 
 26 UHA-0079    (0)   :  0.002 0.004 0.002 0.002 0.983 0.002 0.002 0.003 
 27 UHA-0080    (7)   :  0.004 0.003 0.015 0.006 0.925 0.004 0.023 0.020 
 28 UHA-0081    (7)   :  0.002 0.004 0.002 0.003 0.982 0.002 0.002 0.002 
 29 UHA-0093   (15)   :  0.003 0.004 0.002 0.004 0.981 0.002 0.002 0.002 
 30 UHA-0094    (0)   :  0.002 0.005 0.002 0.003 0.981 0.003 0.002 0.002 
 31 UHA-0095    (0)   :  0.002 0.007 0.002 0.003 0.977 0.003 0.002 0.003 
 32 UHA-0096   (23)   :  0.003 0.020 0.003 0.003 0.961 0.003 0.003 0.003 
 33 UHA-0097    (7)   :  0.002 0.005 0.002 0.002 0.980 0.003 0.002 0.003 
 34 UHA-0098    (0)   :  0.002 0.984 0.002 0.003 0.004 0.002 0.002 0.002 
 35 UHA-0101   (15)   :  0.002 0.975 0.003 0.007 0.003 0.003 0.003 0.003 
 36 UHA-0105    (0)   :  0.002 0.983 0.003 0.002 0.003 0.002 0.002 0.002 
 37 UHA-0109    (0)   :  0.002 0.980 0.002 0.004 0.003 0.002 0.002 0.002 
 38 UHA-0111    (0)   :  0.002 0.977 0.003 0.003 0.008 0.002 0.003 0.002 
 39 UHA-0112    (7)   :  0.003 0.003 0.003 0.003 0.980 0.002 0.003 0.003 
 40 UHA-0298    (0)   :  0.002 0.962 0.003 0.003 0.020 0.002 0.003 0.004 
 41 UHA-0021    (0)   :  0.003 0.969 0.011 0.002 0.004 0.004 0.003 0.004 
 42 UHA-0022    (0)   :  0.002 0.985 0.002 0.002 0.004 0.002 0.002 0.002 
 43 UHA-0048    (0)   :  0.002 0.985 0.002 0.002 0.003 0.002 0.002 0.002 
 44 UHA-0049    (0)   :  0.002 0.982 0.002 0.002 0.006 0.002 0.002 0.002 
 45 UHA-0053    (0)   :  0.002 0.980 0.003 0.002 0.006 0.002 0.002 0.002 
 46 UHA-0054    (0)   :  0.002 0.981 0.003 0.002 0.005 0.002 0.002 0.003 
 47 UHA-0055    (0)   :  0.004 0.772 0.003 0.003 0.208 0.005 0.002 0.003 
 48 UHA-0069    (0)   :  0.002 0.003 0.002 0.002 0.984 0.002 0.002 0.002 
 49 UHA-0072    (0)   :  0.002 0.012 0.003 0.003 0.972 0.002 0.003 0.003 
 50 UHA-0073    (0)   :  0.002 0.003 0.002 0.002 0.984 0.002 0.002 0.002 
 51 UHA-0074    (0)   :  0.003 0.583 0.004 0.010 0.388 0.005 0.004 0.003 
 52 UHA-0076    (0)   :  0.002 0.005 0.002 0.002 0.983 0.002 0.002 0.002 
 53 UHA-0100    (0)   :  0.003 0.965 0.004 0.009 0.009 0.003 0.004 0.003 
 54 UHA-0102    (0)   :  0.002 0.983 0.002 0.003 0.004 0.002 0.002 0.002 
 55 UHA-0106    (0)   :  0.002 0.984 0.002 0.002 0.004 0.002 0.002 0.002 
 56 UHA-0110    (0)   :  0.002 0.970 0.003 0.008 0.009 0.003 0.003 0.002 
 57 UHA-0036    (7)   :  0.002 0.982 0.002 0.003 0.004 0.002 0.002 0.002 
 58 UHA-0037    (0)   :  0.005 0.924 0.008 0.004 0.030 0.007 0.009 0.012 
 59 UHA-0038    (0)   :  0.003 0.845 0.004 0.002 0.129 0.004 0.005 0.007 
 60 UHA-0089    (0)   :  0.002 0.003 0.002 0.002 0.985 0.002 0.002 0.002 
 61 UHA-0040    (0)   :  0.002 0.907 0.002 0.003 0.076 0.002 0.003 0.004 
 62 UHA-0041    (0)   :  0.002 0.982 0.002 0.002 0.006 0.002 0.002 0.002 
 63 UHA-0090    (0)   :  0.002 0.004 0.002 0.002 0.983 0.002 0.002 0.003 
 64 UHA-0059    (0)   :  0.002 0.987 0.002 0.002 0.003 0.002 0.002 0.002 
 65 UHA-0063    (0)   :  0.005 0.004 0.003 0.970 0.009 0.003 0.004 0.002 
 66 UHA-0082    (0)   :  0.002 0.007 0.002 0.002 0.980 0.002 0.002 0.002 
 67 UHA-0083    (0)   :  0.003 0.004 0.003 0.003 0.981 0.002 0.003 0.002 
 68 UHA-0084    (0)   :  0.002 0.007 0.002 0.003 0.977 0.002 0.003 0.002 
 69 UHA-0085    (0)   :  0.002 0.005 0.002 0.002 0.982 0.002 0.003 0.002 
 70 UHA-0086    (0)   :  0.002 0.005 0.002 0.002 0.981 0.002 0.003 0.002 
 71 UHA-0087    (0)   :  0.003 0.003 0.002 0.002 0.983 0.002 0.003 0.002 
 72 UHA-0088    (0)   :  0.003 0.005 0.002 0.003 0.979 0.002 0.003 0.003 
 73 UHA-0091    (0)   :  0.002 0.004 0.002 0.003 0.982 0.002 0.003 0.002 
 74 UHA-0113    (0)   :  0.002 0.984 0.002 0.002 0.004 0.002 0.002 0.002 
 75 UHA-0114    (7)   :  0.002 0.984 0.002 0.002 0.004 0.002 0.002 0.002 
 76 UHA-0115    (7)   :  0.004 0.934 0.005 0.027 0.013 0.005 0.005 0.008 
 77 UHA-0116    (0)   :  0.003 0.981 0.002 0.003 0.005 0.002 0.002 0.003 
 78 UHA-0118    (0)   :  0.002 0.983 0.002 0.002 0.006 0.002 0.002 0.002 
 79 UHA-0119    (0)   :  0.002 0.981 0.002 0.004 0.004 0.002 0.002 0.002 
 80 UHA-0120    (0)   :  0.002 0.981 0.003 0.002 0.005 0.002 0.003 0.002 
 81 UHA-0121    (0)   :  0.002 0.985 0.002 0.002 0.004 0.002 0.002 0.002 
 82 UHA-0122    (0)   :  0.002 0.982 0.002 0.004 0.003 0.002 0.002 0.002 
 83 UHA-0123    (0)   :  0.002 0.083 0.003 0.002 0.903 0.002 0.002 0.003 
 84 UHA-0124    (7)   :  0.002 0.820 0.004 0.003 0.162 0.003 0.003 0.004 
 85 UHA-0125    (0)   :  0.009 0.165 0.011 0.004 0.785 0.006 0.013 0.008 
 86 UHA-0128    (7)   :  0.002 0.004 0.003 0.006 0.977 0.002 0.003 0.003 
 87 UHA-0129    (7)   :  0.002 0.005 0.002 0.005 0.978 0.002 0.002 0.002 
 88 UHA-0130    (0)   :  0.002 0.005 0.003 0.002 0.981 0.002 0.002 0.002 
 89 UHA-0131    (0)   :  0.009 0.015 0.010 0.005 0.927 0.008 0.016 0.011 
 90 UHA-0132    (0)   :  0.007 0.108 0.006 0.011 0.836 0.011 0.016 0.005 
 91 UHA-0133    (7)   :  0.004 0.034 0.004 0.005 0.944 0.003 0.003 0.003 
 92 UHA-0134    (7)   :  0.002 0.007 0.003 0.002 0.979 0.002 0.002 0.003 
 93 UHA-0136    (0)   :  0.002 0.004 0.002 0.004 0.982 0.002 0.002 0.002 
 94 UHA-0137    (0)   :  0.002 0.004 0.002 0.002 0.984 0.002 0.002 0.002 
 95 UHA-0138    (0)   :  0.015 0.049 0.040 0.019 0.079 0.041 0.014 0.743 
 96 UHA-0139    (0)   :  0.003 0.882 0.004 0.003 0.094 0.003 0.003 0.009 
 97 UHA-0140    (0)   :  0.008 0.586 0.021 0.008 0.347 0.018 0.004 0.007 
 98 UHA-0141    (0)   :  0.003 0.890 0.004 0.009 0.077 0.004 0.005 0.008 
 99 UHA-0143    (0)   :  0.002 0.024 0.002 0.006 0.960 0.002 0.002 0.002 
100 UHA-0144    (0)   :  0.003 0.006 0.003 0.005 0.977 0.002 0.002 0.002 
101 UHA-0146    (7)   :  0.002 0.014 0.003 0.005 0.968 0.003 0.004 0.003 
102 UHA-0147    (7)   :  0.003 0.045 0.004 0.003 0.936 0.003 0.003 0.004 
103 UHA-0150    (0)   :  0.003 0.005 0.004 0.005 0.969 0.004 0.004 0.006 
104 UHA-0162    (7)   :  0.010 0.017 0.113 0.014 0.431 0.070 0.301 0.043 
105 UHA-0163    (0)   :  0.004 0.280 0.012 0.005 0.682 0.004 0.005 0.008 
106 UHA-0164   (15)   :  0.004 0.009 0.004 0.004 0.969 0.003 0.003 0.004 
107 UHA-0165    (0)   :  0.002 0.007 0.002 0.002 0.981 0.002 0.002 0.002 
108 UHA-0167   (23)   :  0.011 0.789 0.007 0.004 0.164 0.007 0.008 0.010 
109 UHA-0148    (0)   :  0.175 0.006 0.021 0.059 0.694 0.011 0.007 0.029 
110 UHA-0151    (0)   :  0.011 0.074 0.007 0.010 0.878 0.005 0.009 0.005 
111 UHA-0152    (0)   :  0.002 0.264 0.002 0.003 0.722 0.002 0.003 0.002 
112 UHA-0153    (0)   :  0.002 0.300 0.002 0.003 0.686 0.002 0.002 0.002 
113 UHA-0154    (0)   :  0.002 0.282 0.006 0.002 0.700 0.002 0.003 0.003 
114 UHA-0155    (0)   :  0.003 0.418 0.004 0.005 0.560 0.003 0.005 0.002 
115 UHA-0156    (0)   :  0.005 0.018 0.081 0.011 0.597 0.264 0.012 0.011 
116 UHA-0157    (7)   :  0.002 0.347 0.005 0.005 0.632 0.002 0.004 0.003 
117 UHA-0158    (0)   :  0.005 0.156 0.020 0.035 0.735 0.008 0.032 0.010 
118 UHA-0159    (0)   :  0.005 0.667 0.009 0.010 0.273 0.008 0.011 0.018 
119 UHA-0160    (0)   :  0.002 0.471 0.003 0.009 0.503 0.004 0.004 0.003 
120 UHA-0161    (0)   :  0.003 0.169 0.003 0.004 0.810 0.003 0.003 0.004 
121 UHA-0426    (0)   :  0.003 0.008 0.009 0.004 0.936 0.005 0.028 0.006 
122 UHA-0427    (0)   :  0.002 0.459 0.003 0.003 0.526 0.002 0.002 0.003 
123 UHA-0428    (0)   :  0.002 0.003 0.002 0.002 0.984 0.002 0.002 0.003 
124 UHA-0429    (0)   :  0.004 0.506 0.010 0.053 0.358 0.012 0.028 0.029 
125 UHA-0430    (0)   :  0.003 0.316 0.002 0.003 0.669 0.002 0.002 0.002 
126 UHA-0431    (0)   :  0.004 0.434 0.005 0.004 0.540 0.005 0.003 0.005 
127 UHA-0432    (7)   :  0.003 0.242 0.014 0.019 0.618 0.006 0.045 0.054 
128 UHA-0433    (0)   :  0.002 0.439 0.003 0.004 0.544 0.002 0.003 0.002 
129 UHA-0434    (0)   :  0.021 0.006 0.010 0.009 0.934 0.005 0.006 0.009 
130 UHA-0435    (0)   :  0.003 0.050 0.003 0.016 0.904 0.003 0.015 0.005 
131 UHA-0436    (0)   :  0.002 0.005 0.003 0.002 0.980 0.002 0.002 0.002 
132 UHA-0437    (0)   :  0.002 0.107 0.002 0.002 0.881 0.002 0.002 0.002 
133 UHA-0438    (0)   :  0.004 0.020 0.003 0.017 0.947 0.003 0.004 0.003 
134 UHA-0439    (0)   :  0.002 0.903 0.002 0.003 0.083 0.002 0.002 0.002 
135 UHA-0440    (0)   :  0.003 0.980 0.002 0.002 0.006 0.002 0.002 0.002 
136 UHA-0441    (0)   :  0.002 0.979 0.002 0.002 0.010 0.002 0.002 0.002 
137 UHA-0442    (0)   :  0.002 0.981 0.002 0.002 0.007 0.002 0.002 0.002 
138 UHA-0443    (0)   :  0.002 0.982 0.002 0.004 0.004 0.002 0.002 0.002 
139 UHA-0444    (0)   :  0.002 0.982 0.002 0.002 0.005 0.002 0.002 0.002 
140 UHA-0445    (0)   :  0.002 0.984 0.002 0.002 0.005 0.002 0.002 0.002 
141 UHA-0446    (0)   :  0.003 0.842 0.027 0.006 0.083 0.004 0.017 0.018 
142 UHA-0447    (0)   :  0.002 0.983 0.002 0.003 0.003 0.002 0.002 0.002 
143 UHA-0448    (0)   :  0.002 0.984 0.002 0.002 0.005 0.002 0.002 0.002 
144 UHA-0449    (0)   :  0.002 0.984 0.002 0.004 0.003 0.002 0.002 0.002 
145 UHA-0450    (0)   :  0.003 0.982 0.002 0.003 0.004 0.002 0.002 0.002 
146 UHA-0451    (0)   :  0.002 0.982 0.002 0.003 0.005 0.002 0.002 0.002 
147 UHA-0452    (0)   :  0.002 0.983 0.002 0.004 0.003 0.002 0.002 0.002 
148 UHA-0453    (0)   :  0.002 0.981 0.002 0.002 0.006 0.002 0.002 0.002 
149 UHA-0454    (0)   :  0.002 0.984 0.002 0.003 0.003 0.002 0.002 0.002 
150 UHA-0455    (0)   :  0.002 0.986 0.002 0.002 0.003 0.002 0.002 0.002 
151 UHA-0456    (0)   :  0.002 0.983 0.002 0.002 0.004 0.002 0.002 0.002 
152 UHA-0457    (0)   :  0.002 0.979 0.003 0.006 0.002 0.003 0.003 0.003 
153 UHA-0458    (0)   :  0.002 0.980 0.003 0.004 0.003 0.003 0.003 0.003 
154 UHA-0459    (0)   :  0.002 0.973 0.003 0.006 0.008 0.003 0.003 0.002 
155 UHA-0460    (0)   :  0.002 0.983 0.002 0.003 0.003 0.002 0.002 0.002 
156 UHA-0001    (0)   :  0.003 0.003 0.003 0.973 0.002 0.003 0.007 0.006 
157 UHA-0002    (0)   :  0.004 0.004 0.036 0.701 0.005 0.029 0.141 0.079 
158 UHA-0003    (0)   :  0.006 0.053 0.024 0.850 0.005 0.008 0.048 0.007 
159 UHA-0004    (7)   :  0.971 0.006 0.005 0.002 0.003 0.003 0.006 0.004 
160 UHA-0005    (0)   :  0.957 0.006 0.005 0.011 0.003 0.006 0.005 0.008 
161 UHA-0006    (0)   :  0.918 0.007 0.009 0.003 0.005 0.005 0.034 0.019 
162 UHA-0007    (0)   :  0.005 0.004 0.076 0.014 0.004 0.006 0.669 0.223 
163 UHA-0008    (0)   :  0.005 0.005 0.097 0.004 0.006 0.004 0.019 0.859 
164 UHA-0009    (0)   :  0.002 0.015 0.003 0.033 0.934 0.006 0.003 0.004 
165 UHA-0010    (7)   :  0.003 0.031 0.003 0.003 0.952 0.002 0.003 0.003 
166 UHA-0011    (0)   :  0.002 0.005 0.002 0.002 0.983 0.002 0.002 0.002 
167 UHA-0012    (0)   :  0.003 0.004 0.003 0.004 0.975 0.003 0.003 0.004 
168 UHA-0013    (0)   :  0.003 0.008 0.005 0.003 0.971 0.003 0.004 0.004 
169 UHA-0014    (0)   :  0.002 0.004 0.002 0.003 0.983 0.002 0.002 0.002 
170 UHA-0015    (0)   :  0.002 0.010 0.002 0.128 0.846 0.007 0.002 0.003 
171 UHA-0016   (15)   :  0.003 0.005 0.003 0.003 0.978 0.002 0.003 0.003 
172 UHA-0017    (7)   :  0.016 0.004 0.008 0.004 0.005 0.014 0.941 0.006 
173 UHA-0018    (7)   :  0.006 0.002 0.041 0.003 0.003 0.004 0.899 0.042 
174 UHA-0183    (7)   :  0.003 0.003 0.003 0.980 0.002 0.003 0.003 0.003 
175 UHA-0184    (0)   :  0.002 0.002 0.003 0.979 0.003 0.006 0.002 0.003 
176 UHA-0186    (0)   :  0.003 0.002 0.005 0.939 0.022 0.004 0.016 0.008 
177 UHA-0187    (0)   :  0.013 0.002 0.004 0.958 0.007 0.003 0.007 0.005 
178 UHA-0188    (0)   :  0.005 0.010 0.003 0.967 0.005 0.004 0.004 0.003 
179 UHA-0191    (0)   :  0.003 0.002 0.003 0.979 0.003 0.005 0.003 0.002 
180 UHA-0193    (7)   :  0.952 0.003 0.009 0.003 0.006 0.009 0.009 0.009 
181 UHA-0194   (15)   :  0.861 0.012 0.017 0.008 0.002 0.081 0.011 0.008 
182 UHA-0195   (23)   :  0.948 0.002 0.008 0.005 0.002 0.004 0.007 0.023 
183 UHA-0196    (7)   :  0.592 0.007 0.009 0.026 0.004 0.353 0.007 0.004 
184 UHA-0197   (15)   :  0.976 0.005 0.003 0.003 0.003 0.004 0.003 0.003 
185 UHA-0198    (7)   :  0.770 0.003 0.039 0.004 0.002 0.016 0.026 0.141 
186 UHA-0202    (7)   :  0.531 0.006 0.041 0.008 0.009 0.248 0.027 0.131 
187 UHA-0205    (7)   :  0.966 0.003 0.005 0.004 0.004 0.004 0.005 0.009 
188 UHA-0207    (7)   :  0.971 0.006 0.005 0.002 0.002 0.003 0.006 0.004 
189 UHA-0208    (7)   :  0.662 0.006 0.019 0.005 0.005 0.008 0.258 0.035 
190 UHA-0210    (7)   :  0.104 0.334 0.046 0.013 0.264 0.085 0.099 0.055 
191 UHA-0211    (7)   :  0.005 0.002 0.003 0.010 0.003 0.971 0.003 0.004 
192 UHA-0212   (15)   :  0.006 0.002 0.002 0.008 0.002 0.974 0.003 0.003 
193 UHA-0213    (0)   :  0.030 0.002 0.004 0.611 0.004 0.341 0.004 0.004 
194 UHA-0214    (0)   :  0.005 0.002 0.002 0.394 0.002 0.590 0.003 0.003 
195 UHA-0215    (0)   :  0.128 0.023 0.021 0.604 0.007 0.008 0.185 0.024 
196 UHA-0216   (15)   :  0.063 0.003 0.096 0.628 0.004 0.012 0.136 0.057 
197 UHA-0217    (0)   :  0.034 0.012 0.042 0.782 0.025 0.044 0.027 0.034 
198 UHA-0218    (0)   :  0.008 0.011 0.217 0.671 0.003 0.009 0.055 0.026 
199 UHA-0219   (15)   :  0.048 0.004 0.012 0.084 0.006 0.008 0.740 0.097 
200 UHA-0220    (0)   :  0.009 0.008 0.161 0.385 0.004 0.035 0.358 0.041 
201 UHA-0221    (0)   :  0.954 0.002 0.005 0.005 0.004 0.005 0.017 0.007 
202 UHA-0222    (7)   :  0.966 0.002 0.004 0.004 0.004 0.005 0.010 0.005 
203 UHA-0223    (0)   :  0.140 0.005 0.031 0.011 0.003 0.006 0.789 0.015 
204 UHA-0224    (0)   :  0.003 0.005 0.002 0.003 0.980 0.002 0.002 0.003 
205 UHA-0225    (0)   :  0.037 0.013 0.027 0.079 0.004 0.037 0.794 0.008 
206 UHA-0226    (0)   :  0.222 0.003 0.109 0.012 0.006 0.011 0.625 0.012 
207 UHA-0227    (0)   :  0.004 0.038 0.020 0.004 0.069 0.003 0.847 0.014 
208 UHA-0228    (0)   :  0.003 0.003 0.008 0.002 0.003 0.002 0.966 0.013 
209 UHA-0229    (7)   :  0.017 0.004 0.008 0.004 0.006 0.014 0.940 0.006 
210 UHA-0230    (7)   :  0.092 0.016 0.096 0.194 0.020 0.086 0.232 0.264 
211 UHA-0231    (0)   :  0.004 0.003 0.009 0.006 0.005 0.006 0.064 0.903 
212 UHA-0232    (0)   :  0.028 0.004 0.047 0.009 0.003 0.007 0.885 0.017 
213 UHA-0233    (7)   :  0.223 0.005 0.048 0.043 0.006 0.019 0.231 0.426 
214 UHA-0238    (7)   :  0.107 0.004 0.499 0.038 0.010 0.018 0.247 0.077 
215 UHA-0239    (0)   :  0.009 0.010 0.696 0.010 0.071 0.022 0.075 0.106 
216 UHA-0240    (0)   :  0.005 0.002 0.792 0.003 0.004 0.007 0.166 0.021 
217 UHA-0241    (0)   :  0.004 0.002 0.010 0.002 0.004 0.003 0.088 0.886 
218 UHA-0242    (0)   :  0.006 0.002 0.022 0.002 0.003 0.005 0.131 0.829 
219 UHA-0243    (7)   :  0.007 0.002 0.752 0.002 0.002 0.003 0.015 0.217 
220 UHA-0244    (0)   :  0.012 0.006 0.063 0.024 0.010 0.006 0.085 0.793 
221 UHA-0245    (7)   :  0.006 0.005 0.007 0.071 0.004 0.014 0.880 0.015 
222 UHA-0246    (7)   :  0.006 0.004 0.012 0.004 0.004 0.006 0.152 0.812 
223 UHA-0247    (7)   :  0.016 0.006 0.847 0.007 0.007 0.007 0.022 0.089 
224 UHA-0248    (0)   :  0.008 0.152 0.004 0.036 0.057 0.730 0.006 0.006 
225 UHA-0249    (7)   :  0.064 0.019 0.004 0.014 0.026 0.853 0.011 0.009 
226 UHA-0251    (0)   :  0.027 0.004 0.005 0.019 0.003 0.929 0.006 0.007 
227 UHA-0252    (7)   :  0.098 0.015 0.006 0.002 0.008 0.856 0.010 0.004 
228 UHA-0254    (7)   :  0.004 0.003 0.005 0.005 0.003 0.932 0.029 0.019 
229 UHA-0255    (7)   :  0.115 0.005 0.010 0.003 0.011 0.834 0.014 0.007 
230 UHA-0256   (15)   :  0.003 0.009 0.017 0.038 0.822 0.041 0.060 0.009 
231 UHA-0257    (0)   :  0.002 0.982 0.002 0.003 0.003 0.002 0.002 0.002 
232 UHA-0258    (7)   :  0.003 0.857 0.009 0.060 0.034 0.005 0.021 0.011 
233 UHA-0259    (7)   :  0.004 0.010 0.033 0.035 0.893 0.006 0.014 0.005 
234 UHA-0260    (0)   :  0.002 0.985 0.002 0.002 0.004 0.002 0.002 0.002 
235 UHA-0261    (0)   :  0.003 0.972 0.003 0.003 0.011 0.002 0.003 0.004 
236 UHA-0262    (0)   :  0.003 0.003 0.002 0.004 0.981 0.003 0.003 0.002 
237 UHA-0263    (0)   :  0.002 0.004 0.002 0.002 0.983 0.002 0.002 0.002 
238 UHA-0264    (0)   :  0.003 0.005 0.004 0.004 0.971 0.002 0.004 0.008 
239 UHA-0265    (0)   :  0.002 0.003 0.002 0.002 0.981 0.002 0.003 0.004 
240 UHA-0266    (7)   :  0.002 0.008 0.003 0.002 0.977 0.002 0.003 0.003 
241 UHA-0267    (0)   :  0.002 0.004 0.002 0.003 0.984 0.002 0.002 0.002 
242 UHA-0273    (7)   :  0.733 0.037 0.011 0.011 0.017 0.179 0.007 0.004 
243 UHA-0282    (0)   :  0.008 0.004 0.124 0.004 0.002 0.004 0.276 0.579 
244 UHA-0283    (7)   :  0.003 0.002 0.003 0.976 0.004 0.004 0.004 0.003 
245 UHA-0284    (0)   :  0.018 0.007 0.057 0.004 0.005 0.004 0.882 0.024 
246 UHA-0285    (0)   :  0.004 0.002 0.002 0.982 0.002 0.003 0.002 0.003 
247 UHA-0286    (0)   :  0.003 0.007 0.179 0.687 0.004 0.028 0.009 0.083 
248 UHA-0287   (23)   :  0.006 0.002 0.004 0.968 0.003 0.010 0.004 0.003 
249 UHA-0288    (7)   :  0.004 0.023 0.055 0.006 0.047 0.012 0.754 0.098 
250 UHA-0289    (7)   :  0.003 0.002 0.020 0.004 0.002 0.013 0.029 0.928 
251 UHA-0294    (7)   :  0.013 0.004 0.014 0.006 0.006 0.007 0.012 0.938 
252 UHA-0295   (15)   :  0.054 0.007 0.319 0.014 0.011 0.008 0.110 0.477 
253 UHA-0299    (0)   :  0.004 0.004 0.438 0.003 0.006 0.004 0.022 0.520 
254 UHA-0300    (0)   :  0.016 0.002 0.003 0.939 0.002 0.027 0.006 0.003 
255 UHA-0301    (0)   :  0.003 0.002 0.006 0.003 0.005 0.004 0.791 0.187 
256 UHA-0302    (7)   :  0.005 0.003 0.009 0.003 0.006 0.003 0.963 0.008 
257 UHA-0303    (0)   :  0.012 0.006 0.040 0.014 0.007 0.007 0.589 0.324 
258 UHA-0304    (0)   :  0.003 0.006 0.184 0.014 0.004 0.044 0.733 0.011 
259 UHA-0305    (7)   :  0.003 0.002 0.008 0.003 0.004 0.004 0.807 0.170 
260 UHA-0306   (15)   :  0.005 0.006 0.020 0.003 0.005 0.006 0.751 0.204 
261 UHA-0307    (0)   :  0.004 0.005 0.972 0.003 0.003 0.003 0.004 0.006 
262 UHA-0308   (15)   :  0.008 0.002 0.027 0.006 0.003 0.005 0.823 0.125 
263 UHA-0309    (0)   :  0.004 0.002 0.963 0.005 0.002 0.007 0.009 0.007 
264 UHA-0310    (0)   :  0.011 0.002 0.924 0.002 0.002 0.005 0.013 0.040 
265 UHA-0311    (0)   :  0.005 0.002 0.003 0.972 0.002 0.004 0.003 0.010 
266 UHA-0312    (7)   :  0.008 0.003 0.563 0.014 0.003 0.009 0.359 0.041 
267 UHA-0313    (0)   :  0.004 0.003 0.806 0.018 0.003 0.007 0.141 0.019 
268 UHA-0314   (23)   :  0.004 0.009 0.004 0.959 0.007 0.007 0.003 0.006 
269 UHA-0316    (0)   :  0.007 0.012 0.921 0.004 0.006 0.005 0.014 0.031 
270 UHA-0317    (7)   :  0.007 0.091 0.106 0.018 0.007 0.011 0.043 0.716 
271 UHA-0318    (7)   :  0.006 0.003 0.395 0.003 0.003 0.007 0.569 0.014 
272 UHA-0319    (0)   :  0.005 0.002 0.004 0.979 0.002 0.002 0.003 0.004 
273 UHA-0320    (0)   :  0.005 0.005 0.003 0.918 0.056 0.004 0.004 0.005 
274 UHA-0321    (7)   :  0.006 0.003 0.016 0.003 0.005 0.010 0.927 0.030 
275 UHA-0322    (0)   :  0.011 0.005 0.948 0.008 0.006 0.005 0.012 0.005 
276 UHA-0323    (0)   :  0.024 0.003 0.007 0.931 0.003 0.009 0.010 0.013 
277 UHA-0324    (7)   :  0.003 0.004 0.006 0.960 0.014 0.004 0.004 0.005 
278 UHA-0325    (0)   :  0.005 0.006 0.003 0.973 0.003 0.004 0.003 0.003 
279 UHA-0326    (0)   :  0.003 0.002 0.007 0.964 0.004 0.003 0.008 0.008 
280 UHA-0327    (7)   :  0.003 0.002 0.004 0.976 0.004 0.004 0.003 0.004 
281 UHA-0329    (0)   :  0.013 0.002 0.064 0.004 0.003 0.023 0.795 0.096 
282 UHA-0330    (0)   :  0.007 0.004 0.081 0.007 0.002 0.015 0.742 0.142 
283 UHA-0331   (23)   :  0.004 0.005 0.005 0.963 0.006 0.009 0.004 0.004 
284 UHA-0332    (0)   :  0.006 0.003 0.055 0.002 0.004 0.003 0.007 0.919 
285 UHA-0333    (0)   :  0.004 0.002 0.003 0.978 0.003 0.004 0.003 0.003 
286 UHA-0334    (0)   :  0.004 0.005 0.004 0.967 0.002 0.008 0.005 0.004 
287 UHA-0335   (15)   :  0.010 0.003 0.130 0.004 0.003 0.008 0.775 0.067 
288 UHA-0337    (0)   :  0.046 0.004 0.579 0.005 0.006 0.005 0.331 0.025 
289 UHA-0338    (7)   :  0.005 0.007 0.027 0.840 0.006 0.091 0.013 0.011 
290 UHA-0339    (0)   :  0.008 0.003 0.005 0.924 0.002 0.008 0.044 0.006 
291 UHA-0340    (0)   :  0.116 0.011 0.052 0.006 0.008 0.050 0.506 0.251 
292 UHA-0343    (0)   :  0.003 0.008 0.178 0.688 0.004 0.029 0.008 0.082 
293 UHA-0345    (0)   :  0.003 0.002 0.012 0.002 0.016 0.006 0.021 0.937 
294 UHA-0346    (7)   :  0.009 0.003 0.053 0.019 0.002 0.018 0.203 0.693 
295 UHA-0347    (7)   :  0.008 0.003 0.647 0.003 0.022 0.006 0.168 0.143 
296 UHA-0348    (0)   :  0.025 0.004 0.922 0.003 0.004 0.003 0.015 0.025 
297 UHA-0349   (23)   :  0.006 0.007 0.619 0.003 0.004 0.004 0.014 0.343 
298 UHA-0350    (0)   :  0.002 0.003 0.004 0.978 0.004 0.003 0.003 0.004 
299 UHA-0354    (0)   :  0.229 0.005 0.603 0.019 0.005 0.058 0.028 0.053 
300 UHA-0352    (7)   :  0.010 0.003 0.167 0.004 0.003 0.004 0.117 0.694 
301 UHA-0353    (7)   :  0.022 0.002 0.700 0.005 0.003 0.013 0.104 0.150 
302 UHA-0172    (0)   :  0.974 0.002 0.007 0.003 0.002 0.003 0.005 0.006 
303 UHA-0174    (0)   :  0.220 0.008 0.510 0.011 0.007 0.057 0.039 0.148 
304 UHA-0175    (0)   :  0.013 0.006 0.249 0.003 0.009 0.008 0.142 0.570 
305 UHA-0176    (0)   :  0.006 0.005 0.002 0.970 0.009 0.003 0.004 0.002 
306 UHA-0177    (7)   :  0.010 0.013 0.342 0.010 0.008 0.041 0.476 0.099 
307 UHA-0178    (0)   :  0.008 0.003 0.004 0.966 0.011 0.002 0.005 0.002 
308 UHA-0179    (7)   :  0.777 0.003 0.014 0.027 0.004 0.151 0.012 0.011 
309 UHA-0189    (0)   :  0.004 0.010 0.004 0.967 0.006 0.004 0.003 0.003 
310 UHA-0190    (0)   :  0.005 0.004 0.003 0.974 0.003 0.005 0.003 0.003 
311 UHA-0199    (7)   :  0.947 0.003 0.007 0.008 0.004 0.013 0.009 0.008 
312 UHA-0276    (0)   :  0.005 0.002 0.004 0.005 0.002 0.976 0.003 0.003 
313 UHA-0277    (7)   :  0.003 0.002 0.005 0.040 0.003 0.935 0.005 0.006 
314 UHA-0203    (7)   :  0.983 0.002 0.003 0.003 0.002 0.003 0.002 0.002 
315 UHA-0204    (0)   :  0.974 0.002 0.005 0.003 0.004 0.004 0.005 0.003 
316 UHA-0234    (0)   :  0.018 0.003 0.165 0.008 0.003 0.005 0.400 0.397 
317 UHA-0235    (0)   :  0.052 0.005 0.104 0.004 0.005 0.007 0.032 0.790 
318 UHA-0236    (0)   :  0.686 0.003 0.128 0.075 0.012 0.038 0.037 0.022 
319 UHA-0268    (0)   :  0.005 0.352 0.014 0.004 0.404 0.100 0.073 0.047 
320 UHA-0269    (0)   :  0.005 0.021 0.016 0.005 0.047 0.895 0.006 0.005 
321 UHA-0270    (7)   :  0.008 0.093 0.113 0.275 0.162 0.079 0.242 0.029 
322 UHA-0271    (0)   :  0.029 0.092 0.013 0.425 0.361 0.016 0.044 0.019 
323 UHA-0272    (0)   :  0.046 0.587 0.167 0.009 0.008 0.014 0.160 0.010 
324 UHA-0355    (7)   :  0.027 0.003 0.390 0.003 0.002 0.026 0.348 0.200 
325 UHA-0356    (0)   :  0.008 0.024 0.800 0.003 0.057 0.007 0.014 0.088 
326 UHA-0357    (0)   :  0.005 0.006 0.233 0.011 0.003 0.009 0.718 0.015 
327 UHA-0358    (0)   :  0.007 0.003 0.071 0.003 0.017 0.005 0.854 0.040 
328 UHA-0359    (0)   :  0.011 0.004 0.816 0.034 0.011 0.028 0.021 0.074 
329 UHA-0361   (23)   :  0.008 0.012 0.823 0.009 0.004 0.007 0.015 0.123 
330 UHA-0362    (0)   :  0.006 0.016 0.164 0.008 0.005 0.004 0.075 0.721 
331 UHA-0363   (15)   :  0.029 0.006 0.261 0.005 0.004 0.005 0.649 0.041 
332 UHA-0379    (0)   :  0.003 0.037 0.003 0.870 0.080 0.003 0.002 0.002 
333 UHA-0365    (0)   :  0.005 0.004 0.970 0.003 0.002 0.002 0.007 0.006 
334 UHA-0366    (0)   :  0.009 0.011 0.911 0.005 0.015 0.020 0.022 0.008 
335 UHA-0367    (0)   :  0.009 0.004 0.007 0.941 0.005 0.009 0.016 0.009 
336 UHA-0368    (0)   :  0.005 0.004 0.003 0.973 0.002 0.007 0.003 0.002 
337 UHA-0369    (0)   :  0.003 0.002 0.002 0.984 0.003 0.002 0.002 0.002 
338 UHA-0370    (7)   :  0.012 0.003 0.007 0.955 0.003 0.007 0.007 0.005 
339 UHA-0371    (7)   :  0.003 0.118 0.004 0.846 0.005 0.007 0.007 0.009 
340 UHA-0372    (7)   :  0.016 0.007 0.930 0.005 0.011 0.004 0.013 0.014 
341 UHA-0373   (15)   :  0.003 0.002 0.010 0.003 0.002 0.011 0.011 0.957 
342 UHA-0374    (0)   :  0.095 0.002 0.359 0.005 0.006 0.158 0.166 0.210 
343 UHA-0375    (0)   :  0.008 0.004 0.008 0.004 0.004 0.006 0.006 0.960 
344 UHA-0376    (0)   :  0.027 0.002 0.038 0.003 0.004 0.004 0.491 0.432 
345 UHA-0377    (0)   :  0.003 0.002 0.003 0.981 0.003 0.004 0.003 0.003 
346 UHA-0378    (0)   :  0.003 0.004 0.003 0.977 0.004 0.003 0.002 0.004 
347 UHA-0380    (7)   :  0.004 0.004 0.020 0.935 0.011 0.012 0.009 0.006 
348 UHA-0381    (0)   :  0.004 0.002 0.004 0.965 0.003 0.013 0.005 0.004 
349 UHA-0382    (0)   :  0.008 0.003 0.003 0.972 0.002 0.007 0.003 0.003 
350 UHA-0383   (15)   :  0.061 0.009 0.006 0.892 0.003 0.013 0.011 0.004 
351 UHA-0384    (7)   :  0.002 0.002 0.009 0.958 0.003 0.006 0.008 0.011 
352 UHA-0385    (0)   :  0.004 0.002 0.005 0.967 0.002 0.004 0.012 0.004 
353 UHA-0386    (7)   :  0.002 0.002 0.002 0.984 0.002 0.003 0.003 0.002 
354 UHA-0387    (0)   :  0.002 0.002 0.007 0.974 0.002 0.003 0.007 0.004 
355 UHA-0388    (0)   :  0.002 0.004 0.006 0.971 0.006 0.003 0.004 0.004 
356 UHA-0389    (7)   :  0.006 0.003 0.005 0.965 0.003 0.004 0.006 0.009 
357 UHA-0390    (0)   :  0.002 0.003 0.002 0.982 0.003 0.002 0.003 0.003 
358 UHA-0391    (0)   :  0.003 0.004 0.007 0.942 0.004 0.030 0.003 0.007 
359 UHA-0392    (0)   :  0.003 0.034 0.003 0.883 0.070 0.003 0.002 0.002 
360 UHA-0393    (0)   :  0.003 0.005 0.005 0.963 0.006 0.011 0.004 0.003 
361 UHA-0394    (0)   :  0.008 0.003 0.012 0.927 0.002 0.010 0.032 0.006 
362 UHA-0395    (7)   :  0.004 0.004 0.009 0.010 0.006 0.007 0.890 0.070 
363 UHA-0396    (0)   :  0.005 0.004 0.008 0.009 0.003 0.010 0.886 0.076 
364 UHA-0397    (7)   :  0.035 0.004 0.662 0.013 0.009 0.006 0.201 0.070 
365 UHA-0398    (0)   :  0.023 0.020 0.386 0.010 0.048 0.183 0.214 0.116 
366 UHA-0399    (7)   :  0.005 0.004 0.027 0.005 0.003 0.005 0.929 0.022 
367 UHA-0400    (0)   :  0.003 0.004 0.879 0.002 0.003 0.003 0.009 0.097 
368 UHA-0401   (15)   :  0.006 0.005 0.022 0.010 0.004 0.012 0.745 0.197 
369 UHA-0402   (23)   :  0.006 0.005 0.562 0.008 0.003 0.006 0.378 0.032 
370 UHA-0404    (0)   :  0.004 0.004 0.004 0.948 0.014 0.004 0.020 0.004 
371 UHA-0405    (0)   :  0.018 0.005 0.041 0.029 0.004 0.011 0.830 0.061 
372 UHA-0406    (0)   :  0.003 0.002 0.013 0.002 0.003 0.002 0.018 0.957 
373 UHA-0407    (0)   :  0.003 0.005 0.862 0.003 0.002 0.004 0.102 0.019 
374 UHA-0408    (0)   :  0.002 0.002 0.003 0.981 0.002 0.003 0.004 0.003 
375 UHA-0409    (0)   :  0.003 0.023 0.208 0.002 0.006 0.003 0.668 0.085 
376 UHA-0410    (0)   :  0.003 0.002 0.007 0.970 0.003 0.004 0.004 0.006 
377 UHA-0411    (7)   :  0.006 0.004 0.154 0.003 0.002 0.003 0.786 0.043 
378 UHA-0412    (0)   :  0.003 0.002 0.007 0.970 0.003 0.004 0.004 0.006 
379 UHA-0413    (0)   :  0.005 0.002 0.026 0.044 0.013 0.005 0.046 0.860 
380 UHA-0414    (0)   :  0.004 0.002 0.004 0.977 0.002 0.003 0.004 0.004 
381 UHA-0415    (0)   :  0.003 0.002 0.003 0.982 0.002 0.003 0.003 0.003 
382 UHA-0416    (0)   :  0.002 0.003 0.004 0.971 0.003 0.008 0.005 0.004 
383 UHA-0417    (0)   :  0.004 0.098 0.006 0.813 0.062 0.006 0.006 0.005 
384 UHA-0418    (0)   :  0.003 0.002 0.002 0.983 0.003 0.003 0.002 0.002 
385 UHA-0419    (0)   :  0.004 0.002 0.003 0.978 0.002 0.004 0.003 0.004 
386 UHA-0420    (0)   :  0.004 0.003 0.036 0.002 0.003 0.004 0.070 0.877 
387 UHA-0421    (0)   :  0.005 0.004 0.937 0.012 0.010 0.010 0.008 0.012 
388 UHA-0422    (0)   :  0.006 0.012 0.063 0.816 0.004 0.016 0.027 0.056 
389 UHA-0423    (0)   :  0.003 0.003 0.005 0.972 0.003 0.004 0.006 0.004 
390 UHA-0424    (0)   :  0.048 0.002 0.311 0.013 0.004 0.007 0.569 0.046 
391 UHA-0425    (0)   :  0.004 0.017 0.849 0.002 0.025 0.005 0.017 0.082 
392 UHA-0461    (0)   :  0.035 0.007 0.113 0.011 0.008 0.015 0.536 0.275 
393 UHA-0462    (7)   :  0.005 0.003 0.011 0.003 0.009 0.004 0.619 0.345 
394 UHA-0463    (7)   :  0.003 0.002 0.015 0.002 0.002 0.002 0.005 0.969 
395 UHA-0464    (0)   :  0.003 0.003 0.017 0.003 0.004 0.002 0.007 0.960 
396 UHA-0465    (0)   :  0.005 0.028 0.029 0.003 0.071 0.004 0.012 0.848 
397 UHA-0466    (0)   :  0.020 0.002 0.198 0.003 0.002 0.004 0.704 0.068 
398 UHA-0467    (7)   :  0.011 0.004 0.417 0.002 0.004 0.006 0.477 0.079 
399 UHA-0468    (0)   :  0.018 0.009 0.074 0.005 0.031 0.014 0.629 0.221 
400 UHA-0469    (0)   :  0.014 0.007 0.351 0.005 0.007 0.009 0.047 0.560 
401 UHA-0470    (0)   :  0.005 0.003 0.938 0.011 0.004 0.006 0.020 0.014 
402 UHA-0471    (0)   :  0.011 0.002 0.963 0.002 0.002 0.003 0.010 0.006 
403 UHA-0472    (7)   :  0.004 0.003 0.064 0.003 0.002 0.010 0.641 0.273 
404 UHA-0473    (0)   :  0.007 0.007 0.011 0.003 0.011 0.009 0.926 0.026 
405 UHA-0474    (0)   :  0.046 0.003 0.060 0.006 0.005 0.011 0.274 0.595 
406 UHA-0475    (0)   :  0.007 0.002 0.056 0.002 0.002 0.003 0.088 0.839 
407 UHA-0180    (0)   :  0.003 0.003 0.010 0.002 0.002 0.004 0.967 0.009 
408 UHA-0181    (0)   :  0.004 0.004 0.669 0.003 0.006 0.013 0.066 0.236 
409 UHA-0182    (7)   :  0.075 0.007 0.685 0.002 0.004 0.150 0.025 0.052 
410 UHA-0278    (0)   :  0.003 0.004 0.006 0.005 0.004 0.972 0.003 0.003 
411 UHA-0279    (0)   :  0.012 0.002 0.004 0.966 0.003 0.003 0.005 0.005 
412 UHA-0280    (0)   :  0.012 0.002 0.713 0.004 0.003 0.005 0.093 0.167 
413 UHA-0291    (0)   :  0.003 0.003 0.002 0.984 0.002 0.002 0.002 0.002 
414 UHA-0315    (0)   :  0.384 0.004 0.241 0.047 0.025 0.026 0.112 0.161 
415 UHA-0328    (0)   :  0.003 0.002 0.019 0.003 0.004 0.003 0.718 0.247 
416 UHA-0344    (0)   :  0.005 0.002 0.036 0.002 0.002 0.004 0.063 0.885 
417 UHA-0351    (0)   :  0.002 0.971 0.003 0.003 0.010 0.003 0.003 0.004 


Estimated Allele Frequencies in each cluster
First column gives estimated ancestral frequencies


Locus 1 : 
10 alleles
1.9% missing data
   4   (0.187) 0.030 0.055 0.170 0.392 0.510 0.249 0.215 0.096 
   3   (0.542) 0.317 0.728 0.662 0.452 0.474 0.609 0.570 0.718 
   2   (0.124) 0.070 0.080 0.048 0.121 0.014 0.060 0.135 0.160 
   9   (0.015) 0.002 0.137 0.002 0.000 0.001 0.004 0.002 0.002 
   8   (0.014) 0.002 0.000 0.004 0.000 0.001 0.019 0.002 0.002 
   5   (0.051) 0.570 0.000 0.103 0.001 0.001 0.018 0.030 0.012 
  10   (0.014) 0.002 0.000 0.002 0.000 0.000 0.026 0.002 0.002 
   7   (0.016) 0.002 0.000 0.002 0.000 0.000 0.004 0.031 0.002 
   6   (0.016) 0.002 0.000 0.002 0.026 0.000 0.005 0.002 0.002 
   1   (0.021) 0.003 0.000 0.003 0.005 0.000 0.007 0.012 0.004 

Locus 2 : 
20 alleles
1.0% missing data
  13   (0.156) 0.116 0.362 0.152 0.006 0.471 0.051 0.303 0.259 
  15   (0.138) 0.070 0.180 0.221 0.004 0.298 0.129 0.071 0.114 
   6   (0.029) 0.011 0.183 0.004 0.001 0.143 0.013 0.003 0.003 
  14   (0.136) 0.050 0.269 0.264 0.005 0.004 0.062 0.225 0.199 
   3   (0.017) 0.002 0.000 0.003 0.861 0.000 0.006 0.002 0.002 
  17   (0.040) 0.009 0.001 0.015 0.001 0.001 0.019 0.044 0.113 
   5   (0.015) 0.002 0.000 0.002 0.000 0.078 0.004 0.002 0.002 
   8   (0.049) 0.112 0.001 0.017 0.022 0.001 0.076 0.012 0.012 
   4   (0.016) 0.002 0.000 0.002 0.067 0.000 0.005 0.002 0.002 
  12   (0.030) 0.282 0.000 0.008 0.001 0.000 0.075 0.006 0.005 
  11   (0.086) 0.224 0.001 0.057 0.014 0.001 0.086 0.055 0.124 
   9   (0.045) 0.006 0.000 0.014 0.006 0.000 0.070 0.037 0.037 
  10   (0.041) 0.006 0.000 0.015 0.002 0.000 0.153 0.035 0.016 
  18   (0.046) 0.006 0.000 0.077 0.002 0.001 0.016 0.110 0.030 
   2   (0.019) 0.063 0.000 0.003 0.004 0.000 0.007 0.002 0.002 
  16   (0.069) 0.032 0.001 0.118 0.002 0.001 0.063 0.063 0.052 
   7   (0.014) 0.002 0.000 0.002 0.000 0.000 0.149 0.002 0.002 
  19   (0.018) 0.002 0.000 0.003 0.001 0.000 0.005 0.008 0.016 
   1   (0.014) 0.002 0.000 0.003 0.000 0.000 0.004 0.010 0.002 
  20   (0.022) 0.003 0.000 0.022 0.001 0.000 0.007 0.010 0.007 

Locus 3 : 
21 alleles
0.5% missing data
   1   (0.075) 0.013 0.145 0.051 0.006 0.059 0.103 0.096 0.064 
  12   (0.061) 0.066 0.130 0.016 0.051 0.281 0.020 0.039 0.020 
  13   (0.067) 0.049 0.199 0.012 0.002 0.336 0.110 0.052 0.076 
  11   (0.069) 0.022 0.068 0.068 0.012 0.160 0.040 0.033 0.042 
   5   (0.116) 0.021 0.036 0.148 0.371 0.002 0.163 0.168 0.179 
   6   (0.060) 0.024 0.108 0.026 0.134 0.152 0.056 0.012 0.019 
   2   (0.062) 0.031 0.120 0.189 0.002 0.001 0.022 0.033 0.237 
  10   (0.079) 0.111 0.190 0.040 0.025 0.001 0.105 0.057 0.054 
   4   (0.068) 0.125 0.001 0.039 0.166 0.001 0.171 0.063 0.014 
  15   (0.035) 0.095 0.000 0.015 0.025 0.004 0.011 0.007 0.012 
   8   (0.086) 0.021 0.002 0.238 0.048 0.001 0.029 0.225 0.225 
   9   (0.042) 0.183 0.000 0.113 0.002 0.000 0.013 0.030 0.021 
  16   (0.021) 0.063 0.000 0.003 0.026 0.000 0.006 0.002 0.002 
   3   (0.026) 0.003 0.000 0.008 0.001 0.000 0.052 0.096 0.004 
   7   (0.051) 0.069 0.000 0.012 0.089 0.001 0.065 0.072 0.022 
  14   (0.018) 0.064 0.000 0.012 0.001 0.000 0.005 0.002 0.002 
  18   (0.011) 0.015 0.000 0.002 0.000 0.000 0.009 0.001 0.001 
  20   (0.014) 0.002 0.000 0.002 0.026 0.000 0.004 0.002 0.002 
  19   (0.012) 0.002 0.000 0.002 0.006 0.000 0.004 0.001 0.002 
  21   (0.013) 0.021 0.000 0.002 0.000 0.000 0.004 0.001 0.001 
  17   (0.015) 0.002 0.000 0.004 0.009 0.000 0.007 0.005 0.002 

Locus 4 : 
7 alleles
5.8% missing data
   3   (0.418) 0.868 0.389 0.164 0.779 0.653 0.433 0.124 0.286 
   5   (0.060) 0.008 0.451 0.032 0.002 0.340 0.065 0.008 0.009 
   4   (0.043) 0.016 0.155 0.007 0.001 0.001 0.233 0.005 0.006 
   2   (0.423) 0.088 0.004 0.788 0.215 0.007 0.138 0.857 0.693 
   6   (0.020) 0.003 0.000 0.003 0.001 0.000 0.094 0.002 0.003 
   1   (0.019) 0.002 0.000 0.003 0.001 0.000 0.027 0.002 0.002 
   7   (0.017) 0.015 0.000 0.003 0.001 0.000 0.010 0.002 0.002 

Locus 5 : 
23 alleles
2.9% missing data
  13   (0.059) 0.050 0.001 0.050 0.170 0.388 0.023 0.054 0.020 
   8   (0.081) 0.072 0.282 0.048 0.072 0.055 0.079 0.043 0.055 
  15   (0.069) 0.051 0.526 0.160 0.005 0.085 0.021 0.067 0.063 
  11   (0.103) 0.034 0.036 0.162 0.029 0.060 0.081 0.130 0.144 
  17   (0.061) 0.014 0.046 0.100 0.017 0.014 0.026 0.076 0.043 
  19   (0.049) 0.007 0.103 0.029 0.096 0.092 0.016 0.037 0.017 
  12   (0.079) 0.234 0.001 0.115 0.039 0.097 0.033 0.189 0.050 
  14   (0.061) 0.186 0.001 0.029 0.159 0.071 0.017 0.048 0.035 
  18   (0.035) 0.004 0.000 0.018 0.107 0.055 0.015 0.005 0.026 
  16   (0.066) 0.189 0.001 0.110 0.050 0.001 0.020 0.082 0.147 
  22   (0.029) 0.004 0.002 0.008 0.005 0.063 0.013 0.023 0.010 
   9   (0.038) 0.015 0.000 0.014 0.103 0.001 0.342 0.021 0.008 
  21   (0.032) 0.004 0.000 0.008 0.058 0.014 0.012 0.074 0.006 
   5   (0.036) 0.026 0.000 0.023 0.029 0.000 0.011 0.014 0.090 
   7   (0.023) 0.079 0.000 0.006 0.001 0.000 0.006 0.006 0.094 
  10   (0.051) 0.010 0.000 0.042 0.027 0.001 0.044 0.049 0.139 
   1   (0.012) 0.001 0.000 0.002 0.000 0.000 0.048 0.001 0.001 
   4   (0.024) 0.006 0.000 0.008 0.001 0.000 0.083 0.040 0.005 
   3   (0.013) 0.002 0.000 0.003 0.000 0.000 0.003 0.003 0.024 
  20   (0.030) 0.004 0.000 0.006 0.021 0.002 0.060 0.022 0.004 
   6   (0.028) 0.005 0.000 0.054 0.001 0.000 0.035 0.012 0.017 
  23   (0.010) 0.001 0.000 0.002 0.004 0.000 0.008 0.001 0.002 
   2   (0.011) 0.002 0.000 0.002 0.006 0.000 0.003 0.001 0.001 

Locus 6 : 
8 alleles
0.0% missing data
   2   (0.787) 0.947 0.695 0.908 0.864 0.850 0.598 0.946 0.963 
   3   (0.086) 0.017 0.192 0.060 0.038 0.147 0.093 0.039 0.016 
   7   (0.017) 0.002 0.112 0.003 0.000 0.002 0.005 0.002 0.002 
   1   (0.031) 0.010 0.000 0.005 0.077 0.000 0.162 0.004 0.004 
   4   (0.034) 0.004 0.000 0.017 0.016 0.000 0.104 0.004 0.008 
   6   (0.013) 0.017 0.000 0.002 0.000 0.000 0.007 0.002 0.002 
   5   (0.015) 0.002 0.000 0.002 0.000 0.000 0.026 0.002 0.002 
   8   (0.015) 0.002 0.000 0.004 0.004 0.000 0.005 0.002 0.003 

Locus 7 : 
20 alleles
3.6% missing data
   3   (0.137) 0.301 0.062 0.257 0.236 0.059 0.067 0.169 0.124 
  15   (0.024) 0.003 0.000 0.007 0.017 0.004 0.013 0.003 0.019 
  12   (0.051) 0.006 0.299 0.067 0.018 0.283 0.053 0.013 0.015 
   8   (0.055) 0.052 0.152 0.027 0.063 0.001 0.024 0.080 0.013 
  10   (0.061) 0.086 0.001 0.032 0.046 0.036 0.059 0.017 0.046 
