

----------------------------------------------------
STRUCTURE by Pritchard, Stephens and Donnelly (2000)
     and Falush, Stephens and Pritchard (2003)
       Code by Pritchard, Falush and Hubisz
             Version 2.3.4 (Jul 2012)
----------------------------------------------------



Command line arguments:   bin\structure -m C:\Users\eschumacher\Documents\GitHub\USBGHybridAcornsREU2023\Analysis\STRUCTURE\All_Loci\UHA_all_loci_nopop\200-200\mainparams -e C:\Users\eschumacher\Documents\GitHub\USBGHybridAcornsREU2023\Analysis\STRUCTURE\All_Loci\UHA_all_loci_nopop\200-200\extraparams 
Input File:    C:\Users\eschumacher\Documents\GitHub\USBGHybridAcornsREU2023\Analysis\STRUCTURE\All_Loci\UHA_all_loci_nopop\project_data

Run parameters:
   417 individuals
   13 loci
   8 populations assumed
   200000 Burn-in period
   200000 Reps


--------------------------------------------
Overall proportion of membership of the
sample in each of the 8 clusters

Inferred Clusters
  1      2      3      4      5      6      7      8    
0.098  0.085  0.040  0.181  0.058  0.209  0.118  0.212  

--------------------------------------------

Allele-freq. divergence among pops (Net nucleotide distance),
computed using point estimates of P.

      1       2       3       4       5       6       7       8      
 1      -    0.0229  0.0640  0.1749  0.1074  0.1843  0.0215  0.1829  
 2   0.0229     -    0.0688  0.1843  0.1098  0.2008  0.0247  0.1697  
 3   0.0640  0.0688     -    0.1304  0.0833  0.1525  0.0737  0.1441  
 4   0.1749  0.1843  0.1304     -    0.1755  0.2068  0.1797  0.1985  
 5   0.1074  0.1098  0.0833  0.1755     -    0.2123  0.1052  0.1910  
 6   0.1843  0.2008  0.1525  0.2068  0.2123     -    0.1966  0.0874  
 7   0.0215  0.0247  0.0737  0.1797  0.1052  0.1966     -    0.1817  
 8   0.1829  0.1697  0.1441  0.1985  0.1910  0.0874  0.1817     -    

Average distances (expected heterozygosity) between individuals in same cluster:
cluster  1  : 0.7126 
cluster  2  : 0.6976 
cluster  3  : 0.7955 
cluster  4  : 0.5059 
cluster  5  : 0.6604 
cluster  6  : 0.5248 
cluster  7  : 0.6843 
cluster  8  : 0.5419 

--------------------------------------------
Estimated Ln Prob of Data   = -15292.3
Mean value of ln likelihood = -14626.3
Variance of ln likelihood   = 1332.0
Mean value of alpha         = 0.0318

Mean value of Fst_1         = 0.0734
Mean value of Fst_2         = 0.0932
Mean value of Fst_3         = 0.0848
Mean value of Fst_4         = 0.1903
Mean value of Fst_5         = 0.1518
Mean value of Fst_6         = 0.4124
Mean value of Fst_7         = 0.0832
Mean value of Fst_8         = 0.3570


Inferred ancestry of individuals:
        Label (%Miss) :  Inferred clusters
  1 UHA-0126    (0)   :  0.007 0.013 0.006 0.013 0.004 0.004 0.004 0.948 
  2 UHA-0127   (15)   :  0.003 0.002 0.002 0.003 0.002 0.010 0.002 0.976 
  3 UHA-0135    (0)   :  0.005 0.003 0.003 0.008 0.003 0.896 0.003 0.079 
  4 UHA-0166    (0)   :  0.012 0.012 0.010 0.004 0.020 0.123 0.015 0.803 
  5 UHA-0169    (0)   :  0.029 0.009 0.243 0.011 0.007 0.013 0.009 0.680 
  6 UHA-0058    (7)   :  0.002 0.003 0.003 0.003 0.003 0.971 0.003 0.012 
  7 UHA-0020    (0)   :  0.002 0.002 0.002 0.002 0.002 0.985 0.002 0.004 
  8 UHA-0023   (15)   :  0.002 0.002 0.002 0.003 0.002 0.973 0.002 0.012 
  9 UHA-0025    (0)   :  0.004 0.003 0.003 0.005 0.002 0.975 0.003 0.005 
 10 UHA-0026    (7)   :  0.003 0.004 0.003 0.003 0.003 0.957 0.003 0.025 
 11 UHA-0027    (0)   :  0.003 0.002 0.002 0.002 0.002 0.982 0.002 0.004 
 12 UHA-0028    (0)   :  0.002 0.002 0.002 0.002 0.002 0.985 0.002 0.004 
 13 UHA-0099    (0)   :  0.003 0.003 0.003 0.013 0.003 0.969 0.004 0.003 
 14 UHA-0029    (0)   :  0.002 0.002 0.002 0.003 0.002 0.982 0.002 0.004 
 15 UHA-0043   (15)   :  0.003 0.003 0.003 0.004 0.004 0.969 0.003 0.011 
 16 UHA-0045    (0)   :  0.003 0.002 0.002 0.002 0.002 0.980 0.002 0.007 
 17 UHA-0047    (0)   :  0.003 0.003 0.003 0.009 0.003 0.967 0.003 0.009 
 18 UHA-0050    (0)   :  0.004 0.011 0.006 0.003 0.005 0.887 0.006 0.078 
 19 UHA-0052    (0)   :  0.014 0.006 0.012 0.004 0.004 0.948 0.003 0.010 
 20 UHA-0056    (7)   :  0.005 0.005 0.003 0.013 0.003 0.472 0.006 0.494 
 21 UHA-0068    (7)   :  0.003 0.003 0.002 0.004 0.003 0.007 0.003 0.975 
 22 UHA-0070    (0)   :  0.002 0.002 0.002 0.003 0.003 0.003 0.002 0.983 
 23 UHA-0071    (7)   :  0.002 0.003 0.002 0.003 0.002 0.004 0.003 0.982 
 24 UHA-0075   (15)   :  0.016 0.005 0.004 0.004 0.005 0.179 0.014 0.774 
 25 UHA-0077    (0)   :  0.002 0.002 0.002 0.002 0.003 0.010 0.003 0.977 
 26 UHA-0079    (0)   :  0.002 0.002 0.002 0.002 0.002 0.004 0.002 0.983 
 27 UHA-0080    (7)   :  0.016 0.019 0.004 0.006 0.004 0.003 0.024 0.925 
 28 UHA-0081    (7)   :  0.002 0.002 0.002 0.002 0.002 0.005 0.002 0.982 
 29 UHA-0093   (15)   :  0.002 0.002 0.002 0.004 0.002 0.004 0.002 0.981 
 30 UHA-0094    (0)   :  0.002 0.002 0.002 0.003 0.002 0.005 0.002 0.981 
 31 UHA-0095    (0)   :  0.002 0.003 0.003 0.003 0.002 0.007 0.002 0.977 
 32 UHA-0096   (23)   :  0.003 0.003 0.003 0.003 0.003 0.023 0.003 0.958 
 33 UHA-0097    (7)   :  0.003 0.003 0.003 0.002 0.002 0.005 0.002 0.980 
 34 UHA-0098    (0)   :  0.002 0.002 0.002 0.003 0.002 0.984 0.002 0.004 
 35 UHA-0101   (15)   :  0.003 0.003 0.003 0.007 0.002 0.975 0.003 0.003 
 36 UHA-0105    (0)   :  0.003 0.002 0.002 0.002 0.002 0.983 0.002 0.003 
 37 UHA-0109    (0)   :  0.002 0.003 0.002 0.004 0.002 0.980 0.003 0.004 
 38 UHA-0111    (0)   :  0.003 0.002 0.002 0.003 0.002 0.977 0.003 0.008 
 39 UHA-0112    (7)   :  0.003 0.004 0.002 0.003 0.003 0.003 0.003 0.980 
 40 UHA-0298    (0)   :  0.003 0.004 0.002 0.003 0.002 0.963 0.003 0.019 
 41 UHA-0021    (0)   :  0.010 0.004 0.004 0.002 0.002 0.970 0.003 0.004 
 42 UHA-0022    (0)   :  0.002 0.002 0.002 0.002 0.002 0.985 0.002 0.004 
 43 UHA-0048    (0)   :  0.002 0.002 0.002 0.002 0.002 0.985 0.002 0.003 
 44 UHA-0049    (0)   :  0.002 0.002 0.002 0.002 0.002 0.982 0.002 0.006 
 45 UHA-0053    (0)   :  0.003 0.002 0.002 0.002 0.002 0.980 0.002 0.006 
 46 UHA-0054    (0)   :  0.003 0.003 0.002 0.002 0.002 0.981 0.002 0.006 
 47 UHA-0055    (0)   :  0.003 0.003 0.006 0.002 0.004 0.773 0.002 0.206 
 48 UHA-0069    (0)   :  0.002 0.002 0.002 0.002 0.002 0.003 0.002 0.983 
 49 UHA-0072    (0)   :  0.003 0.002 0.003 0.003 0.002 0.011 0.003 0.973 
 50 UHA-0073    (0)   :  0.002 0.003 0.002 0.002 0.002 0.003 0.002 0.984 
 51 UHA-0074    (0)   :  0.004 0.004 0.005 0.010 0.003 0.583 0.004 0.388 
 52 UHA-0076    (0)   :  0.002 0.002 0.002 0.002 0.002 0.005 0.002 0.983 
 53 UHA-0100    (0)   :  0.003 0.003 0.004 0.010 0.003 0.965 0.004 0.009 
 54 UHA-0102    (0)   :  0.002 0.002 0.002 0.002 0.002 0.983 0.002 0.004 
 55 UHA-0106    (0)   :  0.002 0.002 0.002 0.002 0.002 0.984 0.002 0.004 
 56 UHA-0110    (0)   :  0.003 0.002 0.003 0.008 0.002 0.970 0.003 0.009 
 57 UHA-0036    (7)   :  0.002 0.002 0.002 0.003 0.002 0.982 0.002 0.004 
 58 UHA-0037    (0)   :  0.009 0.012 0.008 0.004 0.005 0.925 0.010 0.028 
 59 UHA-0038    (0)   :  0.004 0.006 0.004 0.002 0.003 0.838 0.005 0.137 
 60 UHA-0089    (0)   :  0.002 0.002 0.002 0.002 0.002 0.003 0.002 0.985 
 61 UHA-0040    (0)   :  0.003 0.004 0.002 0.003 0.002 0.913 0.003 0.071 
 62 UHA-0041    (0)   :  0.002 0.002 0.002 0.002 0.002 0.983 0.002 0.005 
 63 UHA-0090    (0)   :  0.002 0.003 0.002 0.002 0.002 0.004 0.002 0.983 
 64 UHA-0059    (0)   :  0.002 0.002 0.002 0.002 0.002 0.987 0.002 0.003 
 65 UHA-0063    (0)   :  0.003 0.002 0.003 0.969 0.006 0.004 0.003 0.009 
 66 UHA-0082    (0)   :  0.002 0.002 0.002 0.002 0.002 0.006 0.002 0.981 
 67 UHA-0083    (0)   :  0.003 0.002 0.002 0.003 0.003 0.004 0.003 0.981 
 68 UHA-0084    (0)   :  0.002 0.002 0.002 0.003 0.002 0.008 0.003 0.977 
 69 UHA-0085    (0)   :  0.002 0.002 0.002 0.002 0.002 0.005 0.003 0.981 
 70 UHA-0086    (0)   :  0.002 0.002 0.002 0.002 0.002 0.005 0.003 0.982 
 71 UHA-0087    (0)   :  0.002 0.002 0.002 0.002 0.003 0.003 0.003 0.983 
 72 UHA-0088    (0)   :  0.003 0.003 0.002 0.003 0.003 0.005 0.003 0.979 
 73 UHA-0091    (0)   :  0.002 0.002 0.002 0.003 0.002 0.004 0.003 0.982 
 74 UHA-0113    (0)   :  0.002 0.002 0.002 0.002 0.002 0.984 0.002 0.004 
 75 UHA-0114    (7)   :  0.002 0.002 0.002 0.002 0.002 0.984 0.002 0.004 
 76 UHA-0115    (7)   :  0.005 0.008 0.004 0.028 0.003 0.933 0.006 0.013 
 77 UHA-0116    (0)   :  0.002 0.003 0.002 0.003 0.002 0.981 0.002 0.005 
 78 UHA-0118    (0)   :  0.002 0.002 0.002 0.002 0.002 0.983 0.002 0.006 
 79 UHA-0119    (0)   :  0.003 0.002 0.002 0.004 0.002 0.981 0.002 0.004 
 80 UHA-0120    (0)   :  0.003 0.002 0.002 0.002 0.002 0.982 0.002 0.005 
 81 UHA-0121    (0)   :  0.002 0.002 0.002 0.002 0.002 0.985 0.002 0.004 
 82 UHA-0122    (0)   :  0.002 0.002 0.003 0.004 0.002 0.982 0.002 0.003 
 83 UHA-0123    (0)   :  0.003 0.003 0.002 0.002 0.002 0.081 0.002 0.905 
 84 UHA-0124    (7)   :  0.004 0.004 0.003 0.003 0.002 0.831 0.003 0.151 
 85 UHA-0125    (0)   :  0.011 0.009 0.006 0.004 0.009 0.175 0.012 0.774 
 86 UHA-0128    (7)   :  0.003 0.003 0.002 0.006 0.002 0.004 0.003 0.977 
 87 UHA-0129    (7)   :  0.003 0.002 0.002 0.006 0.002 0.005 0.002 0.978 
 88 UHA-0130    (0)   :  0.003 0.002 0.002 0.002 0.002 0.005 0.002 0.981 
 89 UHA-0131    (0)   :  0.010 0.012 0.008 0.006 0.008 0.015 0.016 0.926 
 90 UHA-0132    (0)   :  0.007 0.006 0.012 0.011 0.006 0.113 0.014 0.832 
 91 UHA-0133    (7)   :  0.003 0.003 0.003 0.004 0.003 0.037 0.003 0.943 
 92 UHA-0134    (7)   :  0.003 0.003 0.002 0.002 0.002 0.007 0.003 0.979 
 93 UHA-0136    (0)   :  0.002 0.002 0.002 0.004 0.002 0.004 0.002 0.981 
 94 UHA-0137    (0)   :  0.002 0.002 0.002 0.002 0.002 0.004 0.002 0.984 
 95 UHA-0138    (0)   :  0.069 0.721 0.038 0.020 0.012 0.049 0.014 0.077 
 96 UHA-0139    (0)   :  0.004 0.009 0.002 0.003 0.003 0.886 0.003 0.090 
 97 UHA-0140    (0)   :  0.024 0.007 0.020 0.008 0.008 0.556 0.004 0.373 
 98 UHA-0141    (0)   :  0.005 0.007 0.004 0.009 0.003 0.893 0.005 0.075 
 99 UHA-0143    (0)   :  0.002 0.002 0.002 0.006 0.002 0.026 0.002 0.957 
100 UHA-0144    (0)   :  0.003 0.002 0.002 0.005 0.003 0.006 0.002 0.977 
101 UHA-0146    (7)   :  0.003 0.003 0.002 0.004 0.002 0.015 0.004 0.968 
102 UHA-0147    (7)   :  0.004 0.004 0.003 0.003 0.003 0.046 0.003 0.934 
103 UHA-0150    (0)   :  0.004 0.006 0.004 0.005 0.003 0.006 0.004 0.968 
104 UHA-0162    (7)   :  0.089 0.051 0.067 0.014 0.009 0.017 0.321 0.432 
105 UHA-0163    (0)   :  0.012 0.007 0.005 0.006 0.004 0.281 0.005 0.680 
106 UHA-0164   (15)   :  0.004 0.004 0.003 0.004 0.004 0.009 0.003 0.969 
107 UHA-0165    (0)   :  0.002 0.002 0.002 0.002 0.002 0.007 0.002 0.981 
108 UHA-0167   (23)   :  0.007 0.010 0.006 0.005 0.010 0.784 0.009 0.169 
109 UHA-0148    (0)   :  0.021 0.027 0.012 0.059 0.174 0.006 0.007 0.694 
110 UHA-0151    (0)   :  0.008 0.005 0.005 0.009 0.011 0.075 0.009 0.877 
111 UHA-0152    (0)   :  0.002 0.002 0.002 0.003 0.002 0.264 0.003 0.722 
112 UHA-0153    (0)   :  0.002 0.002 0.002 0.003 0.002 0.301 0.002 0.685 
113 UHA-0154    (0)   :  0.006 0.003 0.002 0.002 0.002 0.283 0.003 0.698 
114 UHA-0155    (0)   :  0.004 0.003 0.003 0.005 0.003 0.420 0.004 0.559 
115 UHA-0156    (0)   :  0.087 0.020 0.252 0.010 0.006 0.015 0.012 0.598 
116 UHA-0157    (7)   :  0.005 0.003 0.002 0.005 0.002 0.345 0.004 0.633 
117 UHA-0158    (0)   :  0.019 0.011 0.008 0.032 0.004 0.157 0.030 0.737 
118 UHA-0159    (0)   :  0.008 0.018 0.008 0.010 0.004 0.670 0.011 0.270 
119 UHA-0160    (0)   :  0.003 0.003 0.004 0.009 0.002 0.472 0.004 0.503 
120 UHA-0161    (0)   :  0.003 0.004 0.003 0.004 0.003 0.170 0.003 0.810 
121 UHA-0426    (0)   :  0.009 0.006 0.004 0.004 0.003 0.009 0.031 0.934 
122 UHA-0427    (0)   :  0.003 0.003 0.002 0.003 0.002 0.461 0.002 0.525 
123 UHA-0428    (0)   :  0.002 0.002 0.002 0.002 0.002 0.003 0.002 0.984 
124 UHA-0429    (0)   :  0.010 0.033 0.012 0.053 0.004 0.505 0.028 0.355 
125 UHA-0430    (0)   :  0.002 0.002 0.002 0.003 0.003 0.316 0.002 0.668 
126 UHA-0431    (0)   :  0.005 0.006 0.005 0.005 0.003 0.438 0.003 0.535 
127 UHA-0432    (7)   :  0.018 0.040 0.006 0.021 0.003 0.242 0.052 0.617 
128 UHA-0433    (0)   :  0.003 0.002 0.002 0.005 0.002 0.438 0.003 0.544 
129 UHA-0434    (0)   :  0.009 0.010 0.005 0.008 0.021 0.006 0.007 0.934 
130 UHA-0435    (0)   :  0.004 0.005 0.004 0.014 0.003 0.054 0.014 0.902 
131 UHA-0436    (0)   :  0.003 0.002 0.002 0.002 0.002 0.005 0.002 0.980 
132 UHA-0437    (0)   :  0.002 0.002 0.002 0.002 0.002 0.116 0.002 0.872 
133 UHA-0438    (0)   :  0.004 0.003 0.003 0.015 0.003 0.020 0.004 0.948 
134 UHA-0439    (0)   :  0.002 0.002 0.002 0.003 0.002 0.903 0.002 0.083 
135 UHA-0440    (0)   :  0.002 0.002 0.002 0.003 0.002 0.980 0.002 0.006 
136 UHA-0441    (0)   :  0.002 0.002 0.002 0.002 0.002 0.979 0.002 0.010 
137 UHA-0442    (0)   :  0.002 0.002 0.002 0.002 0.002 0.981 0.002 0.007 
138 UHA-0443    (0)   :  0.002 0.002 0.002 0.004 0.002 0.982 0.002 0.004 
139 UHA-0444    (0)   :  0.002 0.002 0.002 0.002 0.002 0.981 0.002 0.005 
140 UHA-0445    (0)   :  0.002 0.002 0.002 0.002 0.002 0.984 0.002 0.005 
141 UHA-0446    (0)   :  0.028 0.016 0.004 0.006 0.003 0.842 0.017 0.085 
142 UHA-0447    (0)   :  0.002 0.002 0.002 0.003 0.002 0.983 0.002 0.003 
143 UHA-0448    (0)   :  0.002 0.002 0.002 0.002 0.002 0.983 0.002 0.005 
144 UHA-0449    (0)   :  0.002 0.002 0.002 0.004 0.002 0.983 0.002 0.003 
145 UHA-0450    (0)   :  0.002 0.002 0.003 0.003 0.002 0.981 0.002 0.004 
146 UHA-0451    (0)   :  0.002 0.002 0.003 0.003 0.002 0.981 0.002 0.005 
147 UHA-0452    (0)   :  0.002 0.002 0.002 0.004 0.002 0.984 0.002 0.003 
148 UHA-0453    (0)   :  0.002 0.002 0.002 0.002 0.002 0.982 0.002 0.005 
149 UHA-0454    (0)   :  0.002 0.002 0.002 0.003 0.002 0.984 0.002 0.003 
150 UHA-0455    (0)   :  0.002 0.002 0.002 0.002 0.002 0.986 0.002 0.003 
151 UHA-0456    (0)   :  0.002 0.002 0.002 0.002 0.002 0.983 0.002 0.004 
152 UHA-0457    (0)   :  0.003 0.003 0.003 0.006 0.002 0.979 0.003 0.002 
153 UHA-0458    (0)   :  0.003 0.003 0.003 0.003 0.002 0.981 0.003 0.003 
154 UHA-0459    (0)   :  0.003 0.002 0.003 0.006 0.002 0.974 0.003 0.008 
155 UHA-0460    (0)   :  0.002 0.002 0.002 0.003 0.002 0.983 0.002 0.004 
156 UHA-0001    (0)   :  0.004 0.006 0.003 0.973 0.003 0.003 0.008 0.002 
157 UHA-0002    (0)   :  0.030 0.080 0.029 0.699 0.005 0.004 0.148 0.005 
158 UHA-0003    (0)   :  0.022 0.010 0.008 0.851 0.006 0.051 0.048 0.005 
159 UHA-0004    (7)   :  0.006 0.004 0.003 0.002 0.970 0.006 0.007 0.003 
160 UHA-0005    (0)   :  0.006 0.009 0.005 0.011 0.955 0.006 0.005 0.003 
161 UHA-0006    (0)   :  0.010 0.023 0.005 0.003 0.910 0.007 0.037 0.004 
162 UHA-0007    (0)   :  0.063 0.200 0.006 0.014 0.005 0.004 0.704 0.004 
163 UHA-0008    (0)   :  0.126 0.820 0.004 0.004 0.005 0.004 0.030 0.006 
164 UHA-0009    (0)   :  0.003 0.004 0.006 0.033 0.002 0.015 0.003 0.934 
165 UHA-0010    (7)   :  0.003 0.003 0.002 0.003 0.003 0.034 0.003 0.949 
166 UHA-0011    (0)   :  0.002 0.002 0.002 0.002 0.002 0.004 0.002 0.984 
167 UHA-0012    (0)   :  0.003 0.004 0.003 0.004 0.003 0.005 0.003 0.974 
168 UHA-0013    (0)   :  0.005 0.003 0.003 0.003 0.003 0.008 0.004 0.971 
169 UHA-0014    (0)   :  0.002 0.002 0.002 0.002 0.002 0.004 0.002 0.983 
170 UHA-0015    (0)   :  0.002 0.003 0.007 0.128 0.002 0.009 0.002 0.846 
171 UHA-0016   (15)   :  0.003 0.003 0.003 0.003 0.003 0.006 0.003 0.977 
172 UHA-0017    (7)   :  0.006 0.006 0.015 0.004 0.015 0.004 0.944 0.005 
173 UHA-0018    (7)   :  0.050 0.042 0.004 0.003 0.005 0.002 0.891 0.003 
174 UHA-0183    (7)   :  0.003 0.003 0.003 0.980 0.003 0.003 0.003 0.002 
175 UHA-0184    (0)   :  0.003 0.003 0.007 0.978 0.002 0.002 0.003 0.003 
176 UHA-0186    (0)   :  0.005 0.009 0.004 0.939 0.003 0.002 0.015 0.022 
177 UHA-0187    (0)   :  0.005 0.005 0.004 0.958 0.012 0.002 0.007 0.007 
178 UHA-0188    (0)   :  0.003 0.003 0.004 0.968 0.004 0.010 0.004 0.005 
179 UHA-0191    (0)   :  0.003 0.003 0.005 0.979 0.002 0.002 0.003 0.003 
180 UHA-0193    (7)   :  0.010 0.009 0.009 0.003 0.951 0.003 0.010 0.006 
181 UHA-0194   (15)   :  0.017 0.010 0.084 0.008 0.854 0.013 0.011 0.002 
182 UHA-0195   (23)   :  0.008 0.022 0.004 0.005 0.948 0.002 0.008 0.002 
183 UHA-0196    (7)   :  0.008 0.007 0.331 0.028 0.608 0.007 0.007 0.004 
184 UHA-0197   (15)   :  0.003 0.003 0.004 0.003 0.976 0.005 0.003 0.003 
185 UHA-0198    (7)   :  0.043 0.140 0.017 0.004 0.767 0.003 0.025 0.002 
186 UHA-0202    (7)   :  0.048 0.130 0.252 0.007 0.523 0.006 0.025 0.010 
187 UHA-0205    (7)   :  0.005 0.009 0.004 0.004 0.965 0.003 0.006 0.004 
188 UHA-0207    (7)   :  0.005 0.004 0.003 0.002 0.971 0.006 0.006 0.002 
189 UHA-0208    (7)   :  0.017 0.042 0.008 0.005 0.651 0.006 0.266 0.005 
190 UHA-0210    (7)   :  0.046 0.062 0.080 0.013 0.103 0.347 0.104 0.246 
191 UHA-0211    (7)   :  0.003 0.075 0.899 0.010 0.005 0.002 0.003 0.003 
192 UHA-0212   (15)   :  0.002 0.074 0.902 0.009 0.006 0.002 0.003 0.002 
193 UHA-0213    (0)   :  0.004 0.004 0.344 0.609 0.029 0.002 0.003 0.004 
194 UHA-0214    (0)   :  0.003 0.003 0.587 0.396 0.005 0.002 0.003 0.002 
195 UHA-0215    (0)   :  0.019 0.027 0.009 0.607 0.120 0.024 0.188 0.007 
196 UHA-0216   (15)   :  0.097 0.064 0.012 0.628 0.060 0.003 0.132 0.004 
197 UHA-0217    (0)   :  0.041 0.033 0.045 0.785 0.032 0.012 0.027 0.024 
198 UHA-0218    (0)   :  0.220 0.021 0.010 0.675 0.007 0.012 0.053 0.003 
199 UHA-0219   (15)   :  0.010 0.102 0.008 0.086 0.041 0.004 0.742 0.007 
200 UHA-0220    (0)   :  0.139 0.046 0.036 0.397 0.009 0.008 0.362 0.004 
201 UHA-0221    (0)   :  0.005 0.008 0.006 0.005 0.954 0.003 0.016 0.004 
202 UHA-0222    (7)   :  0.004 0.005 0.005 0.004 0.966 0.002 0.010 0.004 
203 UHA-0223    (0)   :  0.036 0.015 0.006 0.012 0.140 0.005 0.784 0.003 
204 UHA-0224    (0)   :  0.002 0.003 0.002 0.003 0.003 0.005 0.002 0.980 
205 UHA-0225    (0)   :  0.017 0.078 0.033 0.076 0.041 0.013 0.738 0.004 
206 UHA-0226    (0)   :  0.094 0.079 0.010 0.011 0.233 0.004 0.565 0.005 
207 UHA-0227    (0)   :  0.032 0.015 0.004 0.004 0.004 0.036 0.837 0.069 
208 UHA-0228    (0)   :  0.018 0.010 0.002 0.002 0.003 0.002 0.959 0.003 
209 UHA-0229    (7)   :  0.006 0.006 0.015 0.004 0.014 0.004 0.946 0.005 
210 UHA-0230    (7)   :  0.077 0.291 0.077 0.184 0.087 0.016 0.248 0.019 
211 UHA-0231    (0)   :  0.027 0.844 0.008 0.006 0.003 0.003 0.103 0.005 
212 UHA-0232    (0)   :  0.026 0.015 0.007 0.009 0.025 0.004 0.910 0.003 
213 UHA-0233    (7)   :  0.042 0.413 0.018 0.039 0.216 0.004 0.262 0.006 
214 UHA-0238    (7)   :  0.514 0.077 0.018 0.038 0.107 0.004 0.232 0.010 
215 UHA-0239    (0)   :  0.690 0.106 0.024 0.011 0.009 0.010 0.080 0.070 
216 UHA-0240    (0)   :  0.792 0.040 0.008 0.003 0.005 0.002 0.146 0.004 
217 UHA-0241    (0)   :  0.035 0.819 0.003 0.002 0.004 0.002 0.130 0.004 
218 UHA-0242    (0)   :  0.039 0.762 0.004 0.002 0.006 0.002 0.181 0.003 
219 UHA-0243    (7)   :  0.748 0.190 0.003 0.002 0.007 0.002 0.046 0.002 
220 UHA-0244    (0)   :  0.091 0.738 0.007 0.024 0.012 0.006 0.112 0.009 
221 UHA-0245    (7)   :  0.007 0.064 0.014 0.068 0.006 0.005 0.833 0.004 
222 UHA-0246    (7)   :  0.020 0.755 0.006 0.004 0.005 0.004 0.202 0.004 
223 UHA-0247    (7)   :  0.831 0.089 0.007 0.007 0.016 0.006 0.036 0.008 
224 UHA-0248    (0)   :  0.004 0.008 0.711 0.063 0.009 0.142 0.007 0.055 
225 UHA-0249    (7)   :  0.005 0.012 0.812 0.031 0.082 0.019 0.015 0.026 
226 UHA-0251    (0)   :  0.005 0.054 0.887 0.017 0.023 0.004 0.006 0.003 
227 UHA-0252    (7)   :  0.006 0.013 0.844 0.002 0.100 0.015 0.011 0.009 
228 UHA-0254    (7)   :  0.005 0.091 0.863 0.005 0.004 0.003 0.026 0.003 
229 UHA-0255    (7)   :  0.011 0.018 0.834 0.003 0.105 0.005 0.014 0.010 
230 UHA-0256   (15)   :  0.016 0.010 0.042 0.037 0.003 0.007 0.054 0.829 
231 UHA-0257    (0)   :  0.002 0.002 0.003 0.003 0.002 0.982 0.002 0.003 
232 UHA-0258    (7)   :  0.009 0.012 0.005 0.057 0.002 0.857 0.022 0.036 
233 UHA-0259    (7)   :  0.033 0.005 0.007 0.033 0.004 0.010 0.014 0.893 
234 UHA-0260    (0)   :  0.002 0.002 0.002 0.002 0.002 0.985 0.002 0.004 
235 UHA-0261    (0)   :  0.003 0.004 0.002 0.003 0.003 0.972 0.003 0.011 
236 UHA-0262    (0)   :  0.002 0.002 0.003 0.004 0.003 0.003 0.003 0.981 
237 UHA-0263    (0)   :  0.002 0.002 0.002 0.002 0.002 0.004 0.002 0.982 
238 UHA-0264    (0)   :  0.004 0.007 0.003 0.004 0.003 0.005 0.004 0.971 
239 UHA-0265    (0)   :  0.003 0.004 0.002 0.002 0.002 0.003 0.003 0.981 
240 UHA-0266    (7)   :  0.003 0.003 0.002 0.002 0.002 0.008 0.003 0.978 
241 UHA-0267    (0)   :  0.002 0.002 0.002 0.002 0.002 0.003 0.002 0.984 
242 UHA-0273    (7)   :  0.010 0.024 0.171 0.011 0.720 0.037 0.008 0.018 
243 UHA-0282    (0)   :  0.109 0.565 0.004 0.004 0.007 0.004 0.306 0.002 
244 UHA-0283    (7)   :  0.003 0.003 0.004 0.976 0.003 0.002 0.004 0.004 
245 UHA-0284    (0)   :  0.060 0.032 0.004 0.004 0.017 0.007 0.871 0.005 
246 UHA-0285    (0)   :  0.002 0.003 0.003 0.982 0.003 0.002 0.002 0.002 
247 UHA-0286    (0)   :  0.196 0.077 0.024 0.680 0.003 0.007 0.009 0.004 
248 UHA-0287   (23)   :  0.004 0.004 0.010 0.969 0.006 0.002 0.004 0.003 
249 UHA-0288    (7)   :  0.043 0.078 0.012 0.006 0.004 0.023 0.784 0.050 
250 UHA-0289    (7)   :  0.043 0.867 0.013 0.004 0.003 0.002 0.066 0.003 
251 UHA-0294    (7)   :  0.103 0.848 0.006 0.006 0.013 0.004 0.013 0.006 
252 UHA-0295   (15)   :  0.333 0.457 0.008 0.016 0.062 0.007 0.106 0.011 
253 UHA-0299    (0)   :  0.535 0.419 0.004 0.003 0.004 0.004 0.026 0.006 
254 UHA-0300    (0)   :  0.003 0.003 0.028 0.940 0.016 0.002 0.006 0.002 
255 UHA-0301    (0)   :  0.007 0.175 0.003 0.003 0.003 0.002 0.803 0.005 
256 UHA-0302    (7)   :  0.008 0.007 0.003 0.003 0.005 0.003 0.966 0.005 
257 UHA-0303    (0)   :  0.048 0.220 0.006 0.014 0.013 0.005 0.685 0.008 
258 UHA-0304    (0)   :  0.168 0.021 0.038 0.015 0.003 0.006 0.745 0.004 
259 UHA-0305    (7)   :  0.007 0.159 0.004 0.003 0.003 0.002 0.817 0.004 
260 UHA-0306   (15)   :  0.021 0.190 0.006 0.003 0.005 0.006 0.764 0.005 
261 UHA-0307    (0)   :  0.972 0.006 0.003 0.003 0.004 0.005 0.005 0.002 
262 UHA-0308   (15)   :  0.030 0.112 0.004 0.006 0.008 0.002 0.834 0.003 
263 UHA-0309    (0)   :  0.961 0.007 0.008 0.005 0.004 0.002 0.012 0.002 
264 UHA-0310    (0)   :  0.927 0.037 0.005 0.002 0.011 0.002 0.012 0.002 
265 UHA-0311    (0)   :  0.003 0.010 0.004 0.971 0.005 0.002 0.003 0.002 
266 UHA-0312    (7)   :  0.575 0.047 0.008 0.014 0.008 0.004 0.341 0.003 
267 UHA-0313    (0)   :  0.800 0.037 0.008 0.018 0.004 0.003 0.128 0.003 
268 UHA-0314   (23)   :  0.004 0.006 0.008 0.959 0.004 0.009 0.003 0.007 
269 UHA-0316    (0)   :  0.916 0.037 0.005 0.004 0.006 0.012 0.014 0.005 
270 UHA-0317    (7)   :  0.201 0.630 0.013 0.018 0.007 0.091 0.033 0.007 
271 UHA-0318    (7)   :  0.345 0.014 0.006 0.003 0.006 0.003 0.618 0.003 
272 UHA-0319    (0)   :  0.004 0.004 0.003 0.979 0.005 0.002 0.002 0.002 
273 UHA-0320    (0)   :  0.003 0.006 0.004 0.921 0.005 0.005 0.004 0.054 
274 UHA-0321    (7)   :  0.016 0.084 0.010 0.002 0.006 0.003 0.875 0.004 
275 UHA-0322    (0)   :  0.949 0.005 0.005 0.007 0.010 0.005 0.012 0.006 
276 UHA-0323    (0)   :  0.007 0.013 0.009 0.931 0.024 0.003 0.010 0.003 
277 UHA-0324    (7)   :  0.006 0.005 0.004 0.959 0.003 0.004 0.004 0.015 
278 UHA-0325    (0)   :  0.003 0.003 0.004 0.973 0.005 0.007 0.003 0.003 
279 UHA-0326    (0)   :  0.009 0.008 0.003 0.963 0.003 0.002 0.009 0.004 
280 UHA-0327    (7)   :  0.005 0.004 0.004 0.975 0.003 0.003 0.003 0.004 
281 UHA-0329    (0)   :  0.065 0.061 0.019 0.004 0.013 0.002 0.833 0.002 
282 UHA-0330    (0)   :  0.060 0.120 0.016 0.007 0.006 0.004 0.785 0.002 
283 UHA-0331   (23)   :  0.005 0.004 0.010 0.962 0.004 0.005 0.004 0.006 
284 UHA-0332    (0)   :  0.152 0.822 0.003 0.002 0.006 0.003 0.007 0.004 
285 UHA-0333    (0)   :  0.004 0.003 0.005 0.977 0.003 0.002 0.003 0.003 
286 UHA-0334    (0)   :  0.003 0.005 0.009 0.966 0.004 0.005 0.006 0.002 
287 UHA-0335   (15)   :  0.090 0.052 0.008 0.004 0.011 0.003 0.829 0.003 
288 UHA-0337    (0)   :  0.553 0.025 0.006 0.005 0.045 0.004 0.356 0.006 
289 UHA-0338    (7)   :  0.025 0.011 0.092 0.843 0.005 0.007 0.012 0.006 
290 UHA-0339    (0)   :  0.006 0.008 0.008 0.923 0.008 0.003 0.043 0.002 
291 UHA-0340    (0)   :  0.043 0.252 0.049 0.006 0.110 0.011 0.522 0.008 
292 UHA-0343    (0)   :  0.198 0.076 0.024 0.680 0.003 0.007 0.008 0.004 
293 UHA-0345    (0)   :  0.052 0.874 0.006 0.003 0.003 0.002 0.046 0.015 
294 UHA-0346    (7)   :  0.099 0.627 0.018 0.019 0.010 0.003 0.222 0.002 
295 UHA-0347    (7)   :  0.611 0.161 0.006 0.003 0.008 0.003 0.185 0.025 
296 UHA-0348    (0)   :  0.907 0.022 0.003 0.003 0.025 0.004 0.032 0.004 
297 UHA-0349   (23)   :  0.668 0.275 0.004 0.003 0.006 0.006 0.033 0.004 
298 UHA-0350    (0)   :  0.004 0.004 0.003 0.979 0.002 0.003 0.003 0.003 
299 UHA-0354    (0)   :  0.592 0.072 0.064 0.019 0.209 0.006 0.033 0.005 
300 UHA-0352    (7)   :  0.191 0.698 0.004 0.004 0.008 0.003 0.090 0.002 
301 UHA-0353    (7)   :  0.695 0.129 0.015 0.005 0.021 0.002 0.128 0.003 
302 UHA-0172    (0)   :  0.006 0.006 0.003 0.003 0.975 0.002 0.004 0.002 
303 UHA-0174    (0)   :  0.464 0.164 0.064 0.011 0.235 0.008 0.047 0.007 
304 UHA-0175    (0)   :  0.190 0.609 0.009 0.003 0.013 0.007 0.161 0.009 
305 UHA-0176    (0)   :  0.003 0.002 0.003 0.970 0.005 0.005 0.003 0.009 
306 UHA-0177    (7)   :  0.264 0.115 0.045 0.009 0.010 0.014 0.534 0.009 
307 UHA-0178    (0)   :  0.004 0.002 0.002 0.966 0.008 0.003 0.005 0.010 
308 UHA-0179    (7)   :  0.014 0.030 0.135 0.027 0.775 0.003 0.012 0.004 
309 UHA-0189    (0)   :  0.003 0.003 0.004 0.968 0.004 0.010 0.003 0.006 
310 UHA-0190    (0)   :  0.003 0.003 0.005 0.973 0.006 0.004 0.003 0.003 
311 UHA-0199    (7)   :  0.008 0.008 0.014 0.007 0.943 0.004 0.011 0.004 
312 UHA-0276    (0)   :  0.004 0.003 0.975 0.005 0.004 0.002 0.003 0.002 
313 UHA-0277    (7)   :  0.005 0.006 0.935 0.040 0.003 0.002 0.005 0.003 
314 UHA-0203    (7)   :  0.003 0.002 0.003 0.003 0.983 0.002 0.002 0.002 
315 UHA-0204    (0)   :  0.005 0.004 0.004 0.004 0.974 0.002 0.005 0.004 
316 UHA-0234    (0)   :  0.145 0.388 0.005 0.009 0.019 0.003 0.427 0.004 
317 UHA-0235    (0)   :  0.120 0.778 0.007 0.004 0.047 0.004 0.035 0.005 
318 UHA-0236    (0)   :  0.114 0.035 0.039 0.074 0.681 0.003 0.042 0.011 
319 UHA-0268    (0)   :  0.015 0.050 0.099 0.004 0.005 0.350 0.074 0.403 
320 UHA-0269    (0)   :  0.022 0.009 0.879 0.005 0.005 0.021 0.005 0.053 
321 UHA-0270    (7)   :  0.127 0.036 0.075 0.274 0.007 0.091 0.227 0.162 
322 UHA-0271    (0)   :  0.013 0.027 0.018 0.420 0.030 0.092 0.039 0.361 
323 UHA-0272    (0)   :  0.170 0.015 0.016 0.009 0.041 0.587 0.153 0.008 
324 UHA-0355    (7)   :  0.392 0.196 0.036 0.003 0.025 0.004 0.342 0.002 
325 UHA-0356    (0)   :  0.837 0.042 0.007 0.003 0.007 0.024 0.021 0.058 
326 UHA-0357    (0)   :  0.201 0.015 0.009 0.011 0.005 0.006 0.750 0.003 
327 UHA-0358    (0)   :  0.040 0.046 0.005 0.003 0.006 0.003 0.882 0.015 
328 UHA-0359    (0)   :  0.849 0.049 0.025 0.034 0.010 0.004 0.017 0.011 
329 UHA-0361   (23)   :  0.879 0.068 0.007 0.008 0.008 0.012 0.015 0.003 
330 UHA-0362    (0)   :  0.273 0.587 0.003 0.008 0.006 0.018 0.098 0.006 
331 UHA-0363   (15)   :  0.209 0.038 0.004 0.005 0.026 0.005 0.707 0.004 
332 UHA-0379    (0)   :  0.003 0.002 0.003 0.869 0.003 0.037 0.002 0.081 
333 UHA-0365    (0)   :  0.971 0.005 0.002 0.003 0.005 0.004 0.007 0.002 
334 UHA-0366    (0)   :  0.906 0.012 0.023 0.005 0.009 0.011 0.019 0.015 
335 UHA-0367    (0)   :  0.007 0.009 0.009 0.940 0.009 0.004 0.018 0.005 
336 UHA-0368    (0)   :  0.003 0.003 0.007 0.973 0.005 0.004 0.003 0.002 
337 UHA-0369    (0)   :  0.002 0.002 0.002 0.984 0.002 0.002 0.002 0.003 
338 UHA-0370    (7)   :  0.007 0.006 0.007 0.956 0.011 0.003 0.007 0.003 
339 UHA-0371    (7)   :  0.005 0.008 0.008 0.853 0.003 0.111 0.008 0.006 
340 UHA-0372    (7)   :  0.928 0.014 0.004 0.005 0.016 0.007 0.013 0.013 
341 UHA-0373   (15)   :  0.062 0.899 0.011 0.003 0.003 0.002 0.018 0.002 
342 UHA-0374    (0)   :  0.318 0.249 0.138 0.005 0.096 0.002 0.187 0.005 
343 UHA-0375    (0)   :  0.054 0.914 0.005 0.004 0.007 0.004 0.007 0.004 
344 UHA-0376    (0)   :  0.053 0.312 0.003 0.003 0.024 0.002 0.599 0.004 
345 UHA-0377    (0)   :  0.003 0.003 0.004 0.981 0.003 0.002 0.003 0.003 
346 UHA-0378    (0)   :  0.003 0.003 0.003 0.977 0.003 0.004 0.003 0.004 
347 UHA-0380    (7)   :  0.021 0.007 0.012 0.933 0.004 0.004 0.008 0.011 
348 UHA-0381    (0)   :  0.004 0.004 0.013 0.965 0.004 0.002 0.005 0.003 
349 UHA-0382    (0)   :  0.003 0.003 0.007 0.972 0.008 0.003 0.003 0.002 
350 UHA-0383   (15)   :  0.007 0.005 0.013 0.894 0.058 0.009 0.011 0.003 
351 UHA-0384    (7)   :  0.009 0.010 0.006 0.958 0.002 0.002 0.008 0.003 
352 UHA-0385    (0)   :  0.005 0.005 0.003 0.967 0.004 0.002 0.011 0.002 
353 UHA-0386    (7)   :  0.002 0.002 0.003 0.984 0.002 0.002 0.003 0.002 
354 UHA-0387    (0)   :  0.007 0.004 0.003 0.974 0.002 0.002 0.006 0.002 
355 UHA-0388    (0)   :  0.006 0.003 0.003 0.971 0.002 0.004 0.005 0.006 
356 UHA-0389    (7)   :  0.006 0.009 0.004 0.963 0.006 0.003 0.007 0.003 
357 UHA-0390    (0)   :  0.002 0.003 0.002 0.982 0.002 0.003 0.003 0.003 
358 UHA-0391    (0)   :  0.007 0.008 0.029 0.942 0.003 0.004 0.003 0.004 
359 UHA-0392    (0)   :  0.003 0.002 0.003 0.883 0.003 0.036 0.002 0.068 
360 UHA-0393    (0)   :  0.004 0.003 0.012 0.962 0.003 0.005 0.004 0.006 
361 UHA-0394    (0)   :  0.013 0.008 0.011 0.925 0.008 0.003 0.030 0.002 
362 UHA-0395    (7)   :  0.009 0.084 0.007 0.010 0.004 0.005 0.876 0.006 
363 UHA-0396    (0)   :  0.010 0.094 0.010 0.008 0.004 0.004 0.867 0.003 
364 UHA-0397    (7)   :  0.606 0.115 0.006 0.014 0.040 0.005 0.206 0.009 
365 UHA-0398    (0)   :  0.378 0.145 0.175 0.010 0.023 0.020 0.198 0.051 
366 UHA-0399    (7)   :  0.016 0.020 0.005 0.006 0.005 0.004 0.942 0.003 
367 UHA-0400    (0)   :  0.943 0.034 0.003 0.002 0.003 0.004 0.009 0.003 
368 UHA-0401   (15)   :  0.020 0.198 0.012 0.011 0.005 0.005 0.745 0.004 
369 UHA-0402   (23)   :  0.541 0.039 0.006 0.008 0.007 0.005 0.390 0.003 
370 UHA-0404    (0)   :  0.004 0.004 0.004 0.948 0.004 0.004 0.019 0.014 
371 UHA-0405    (0)   :  0.045 0.072 0.011 0.030 0.019 0.005 0.814 0.003 
372 UHA-0406    (0)   :  0.083 0.865 0.002 0.002 0.003 0.002 0.040 0.003 
373 UHA-0407    (0)   :  0.855 0.037 0.004 0.003 0.003 0.005 0.091 0.002 
374 UHA-0408    (0)   :  0.003 0.003 0.003 0.982 0.002 0.002 0.003 0.002 
375 UHA-0409    (0)   :  0.180 0.082 0.003 0.002 0.003 0.024 0.699 0.006 
376 UHA-0410    (0)   :  0.009 0.005 0.004 0.970 0.003 0.002 0.005 0.003 
377 UHA-0411    (7)   :  0.100 0.043 0.003 0.003 0.005 0.004 0.840 0.002 
378 UHA-0412    (0)   :  0.009 0.005 0.004 0.969 0.003 0.002 0.005 0.003 
379 UHA-0413    (0)   :  0.075 0.801 0.005 0.042 0.005 0.002 0.057 0.012 
380 UHA-0414    (0)   :  0.004 0.004 0.003 0.977 0.004 0.002 0.004 0.002 
381 UHA-0415    (0)   :  0.003 0.003 0.003 0.982 0.003 0.002 0.003 0.002 
382 UHA-0416    (0)   :  0.004 0.004 0.008 0.970 0.002 0.003 0.005 0.003 
383 UHA-0417    (0)   :  0.005 0.005 0.006 0.814 0.003 0.097 0.006 0.063 
384 UHA-0418    (0)   :  0.002 0.002 0.003 0.983 0.003 0.002 0.002 0.003 
385 UHA-0419    (0)   :  0.003 0.004 0.004 0.978 0.004 0.002 0.003 0.002 
386 UHA-0420    (0)   :  0.072 0.800 0.004 0.002 0.004 0.003 0.112 0.003 
387 UHA-0421    (0)   :  0.923 0.013 0.012 0.015 0.005 0.005 0.017 0.011 
388 UHA-0422    (0)   :  0.066 0.051 0.016 0.815 0.005 0.012 0.031 0.004 
389 UHA-0423    (0)   :  0.006 0.004 0.004 0.971 0.003 0.003 0.006 0.003 
390 UHA-0424    (0)   :  0.286 0.039 0.006 0.013 0.045 0.002 0.603 0.004 
391 UHA-0425    (0)   :  0.883 0.040 0.005 0.002 0.003 0.017 0.025 0.026 
392 UHA-0461    (0)   :  0.128 0.206 0.015 0.010 0.035 0.006 0.593 0.007 
393 UHA-0462    (7)   :  0.012 0.295 0.005 0.003 0.004 0.003 0.670 0.009 
394 UHA-0463    (7)   :  0.128 0.856 0.002 0.002 0.003 0.002 0.005 0.002 
395 UHA-0464    (0)   :  0.130 0.848 0.002 0.003 0.003 0.003 0.007 0.004 
396 UHA-0465    (0)   :  0.090 0.779 0.005 0.003 0.005 0.028 0.016 0.075 
397 UHA-0466    (0)   :  0.154 0.061 0.004 0.003 0.021 0.002 0.753 0.002 
398 UHA-0467    (7)   :  0.423 0.063 0.006 0.002 0.011 0.004 0.487 0.003 
399 UHA-0468    (0)   :  0.082 0.230 0.011 0.004 0.016 0.008 0.619 0.030 
400 UHA-0469    (0)   :  0.322 0.589 0.009 0.005 0.014 0.007 0.047 0.006 
401 UHA-0470    (0)   :  0.938 0.012 0.006 0.010 0.005 0.003 0.022 0.004 
402 UHA-0471    (0)   :  0.956 0.008 0.003 0.002 0.013 0.002 0.013 0.002 
403 UHA-0472    (7)   :  0.084 0.220 0.010 0.003 0.004 0.003 0.675 0.002 
404 UHA-0473    (0)   :  0.016 0.024 0.009 0.003 0.007 0.007 0.925 0.010 
405 UHA-0474    (0)   :  0.095 0.529 0.010 0.006 0.049 0.003 0.302 0.005 
406 UHA-0475    (0)   :  0.100 0.792 0.003 0.002 0.007 0.002 0.093 0.002 
407 UHA-0180    (0)   :  0.011 0.010 0.003 0.002 0.003 0.003 0.965 0.003 
408 UHA-0181    (0)   :  0.685 0.216 0.014 0.003 0.004 0.004 0.068 0.006 
409 UHA-0182    (7)   :  0.655 0.048 0.182 0.002 0.072 0.007 0.030 0.004 
410 UHA-0278    (0)   :  0.005 0.003 0.973 0.005 0.003 0.003 0.003 0.004 
411 UHA-0279    (0)   :  0.005 0.005 0.003 0.966 0.012 0.002 0.005 0.003 
412 UHA-0280    (0)   :  0.704 0.150 0.005 0.005 0.011 0.002 0.120 0.003 
413 UHA-0291    (0)   :  0.002 0.002 0.002 0.984 0.003 0.003 0.002 0.002 
414 UHA-0315    (0)   :  0.249 0.155 0.025 0.046 0.383 0.004 0.113 0.025 
415 UHA-0328    (0)   :  0.021 0.223 0.003 0.003 0.003 0.001 0.741 0.004 
416 UHA-0344    (0)   :  0.077 0.828 0.005 0.002 0.005 0.002 0.080 0.002 
417 UHA-0351    (0)   :  0.003 0.004 0.002 0.003 0.002 0.971 0.003 0.011 


Estimated Allele Frequencies in each cluster
First column gives estimated ancestral frequencies


Locus 1 : 
10 alleles
1.9% missing data
   4   (0.185) 0.169 0.102 0.253 0.392 0.030 0.054 0.211 0.510 
   3   (0.546) 0.663 0.708 0.606 0.453 0.316 0.727 0.576 0.474 
   2   (0.123) 0.050 0.161 0.059 0.120 0.070 0.080 0.133 0.013 
   9   (0.014) 0.002 0.002 0.004 0.000 0.002 0.137 0.002 0.001 
   8   (0.015) 0.004 0.003 0.018 0.000 0.002 0.000 0.002 0.001 
   5   (0.051) 0.101 0.012 0.019 0.002 0.572 0.001 0.031 0.001 
  10   (0.013) 0.002 0.003 0.024 0.000 0.002 0.000 0.001 0.000 
   7   (0.016) 0.002 0.002 0.004 0.000 0.002 0.000 0.030 0.000 
   6   (0.015) 0.002 0.002 0.005 0.026 0.002 0.000 0.002 0.000 
   1   (0.021) 0.004 0.005 0.007 0.005 0.003 0.000 0.012 0.000 

Locus 2 : 
20 alleles
1.0% missing data
  13   (0.156) 0.160 0.244 0.051 0.006 0.115 0.363 0.303 0.471 
  15   (0.136) 0.217 0.121 0.128 0.004 0.070 0.180 0.069 0.298 
   6   (0.027) 0.004 0.004 0.013 0.001 0.011 0.184 0.003 0.143 
  14   (0.132) 0.263 0.190 0.062 0.005 0.049 0.268 0.231 0.004 
   3   (0.019) 0.003 0.003 0.006 0.860 0.002 0.000 0.002 0.000 
  17   (0.038) 0.018 0.109 0.019 0.001 0.008 0.001 0.044 0.001 
   5   (0.014) 0.002 0.002 0.004 0.000 0.002 0.000 0.001 0.078 
   8   (0.048) 0.016 0.015 0.074 0.022 0.113 0.001 0.011 0.001 
   4   (0.015) 0.002 0.002 0.004 0.066 0.002 0.000 0.002 0.000 
  12   (0.033) 0.008 0.007 0.078 0.001 0.283 0.000 0.006 0.000 
  11   (0.088) 0.057 0.127 0.090 0.015 0.225 0.001 0.053 0.001 
   9   (0.045) 0.013 0.036 0.069 0.006 0.007 0.000 0.037 0.000 
  10   (0.041) 0.015 0.016 0.159 0.002 0.006 0.000 0.034 0.000 
  18   (0.047) 0.076 0.030 0.017 0.002 0.006 0.001 0.108 0.001 
   2   (0.019) 0.003 0.003 0.007 0.004 0.063 0.000 0.002 0.000 
  16   (0.070) 0.114 0.056 0.061 0.002 0.032 0.001 0.064 0.001 
   7   (0.018) 0.003 0.010 0.141 0.001 0.002 0.000 0.002 0.000 
  19   (0.017) 0.003 0.016 0.005 0.000 0.002 0.000 0.009 0.000 
   1   (0.015) 0.003 0.002 0.004 0.000 0.002 0.000 0.010 0.000 
  20   (0.021) 0.021 0.007 0.006 0.001 0.002 0.000 0.010 0.000 

Locus 3 : 
21 alleles
0.5% missing data
   1   (0.072) 0.046 0.064 0.102 0.006 0.013 0.145 0.098 0.059 
  12   (0.060) 0.016 0.023 0.020 0.051 0.065 0.129 0.038 0.281 
  13   (0.069) 0.014 0.076 0.113 0.002 0.048 0.200 0.052 0.336 
  11   (0.065) 0.065 0.044 0.038 0.011 0.022 0.068 0.033 0.160 
   5   (0.118) 0.147 0.174 0.168 0.371 0.021 0.036 0.171 0.002 
   6   (0.058) 0.025 0.020 0.056 0.135 0.024 0.108 0.011 0.152 
   2   (0.061) 0.199 0.220 0.023 0.002 0.030 0.119 0.035 0.001 
  10   (0.081) 0.041 0.058 0.103 0.025 0.111 0.190 0.057 0.001 
   4   (0.068) 0.037 0.022 0.166 0.166 0.124 0.001 0.062 0.001 
  15   (0.034) 0.013 0.014 0.011 0.025 0.096 0.000 0.007 0.004 
   8   (0.092) 0.240 0.212 0.032 0.048 0.022 0.002 0.229 0.001 
   9   (0.042) 0.112 0.023 0.013 0.002 0.183 0.000 0.028 0.000 
  16   (0.020) 0.003 0.003 0.006 0.026 0.063 0.000 0.002 0.000 
   3   (0.026) 0.008 0.010 0.049 0.001 0.003 0.000 0.092 0.000 
   7   (0.051) 0.011 0.024 0.067 0.088 0.068 0.000 0.073 0.001 
  14   (0.018) 0.012 0.003 0.005 0.000 0.064 0.000 0.002 0.000 
  18   (0.012) 0.002 0.002 0.009 0.000 0.015 0.000 0.001 0.000 
  20   (0.013) 0.002 0.002 0.004 0.026 0.002 0.000 0.001 0.000 
  19   (0.013) 0.002 0.002 0.004 0.006 0.002 0.000 0.002 0.000 
  21   (0.011) 0.002 0.002 0.003 0.000 0.021 0.000 0.001 0.000 
  17   (0.015) 0.004 0.003 0.007 0.009 0.002 0.000 0.005 0.000 

Locus 4 : 
7 alleles
5.8% missing data
   3   (0.419) 0.168 0.295 0.425 0.780 0.870 0.389 0.127 0.652 
   5   (0.060) 0.031 0.011 0.067 0.002 0.008 0.451 0.008 0.340 
   4   (0.043) 0.007 0.008 0.238 0.001 0.016 0.155 0.005 0.001 
   2   (0.421) 0.785 0.676 0.140 0.215 0.086 0.004 0.854 0.007 
   6   (0.022) 0.003 0.004 0.095 0.001 0.003 0.000 0.002 0.000 
   1   (0.017) 0.003 0.003 0.026 0.001 0.002 0.000 0.002 0.000 
   7   (0.018) 0.003 0.003 0.010 0.001 0.015 0.000 0.002 0.000 

Locus 5 : 
23 alleles
2.9% missing data
  13   (0.061) 0.048 0.022 0.024 0.171 0.050 0.001 0.054 0.389 
   8   (0.079) 0.044 0.061 0.077 0.072 0.072 0.282 0.042 0.054 
  15   (0.073) 0.160 0.062 0.022 0.005 0.051 0.526 0.067 0.085 
  11   (0.099) 0.162 0.139 0.081 0.029 0.033 0.036 0.131 0.060 
  17   (0.060) 0.099 0.041 0.027 0.017 0.013 0.046 0.078 0.014 
  19   (0.049) 0.029 0.020 0.015 0.096 0.006 0.103 0.035 0.092 
  12   (0.079) 0.111 0.051 0.032 0.038 0.234 0.001 0.190 0.097 
  14   (0.062) 0.030 0.036 0.018 0.159 0.187 0.001 0.048 0.071 
  18   (0.034) 0.019 0.024 0.015 0.107 0.004 0.000 0.005 0.055 
  16   (0.070) 0.111 0.141 0.022 0.050 0.190 0.001 0.084 0.001 
  22   (0.028) 0.008 0.012 0.012 0.005 0.004 0.002 0.022 0.063 
   9   (0.037) 0.012 0.011 0.344 0.103 0.015 0.000 0.022 0.001 
  21   (0.031) 0.008 0.007 0.011 0.058 0.004 0.000 0.072 0.014 
   5   (0.037) 0.025 0.085 0.011 0.029 0.026 0.000 0.016 0.000 
   7   (0.024) 0.011 0.088 0.007 0.001 0.079 0.000 0.006 0.000 
  10   (0.051) 0.046 0.133 0.045 0.027 0.010 0.000 0.050 0.001 
   1   (0.011) 0.002 0.004 0.045 0.000 0.001 0.000 0.001 0.000 
   4   (0.025) 0.007 0.016 0.078 0.001 0.006 0.000 0.037 0.000 
   3   (0.012) 0.003 0.022 0.003 0.000 0.001 0.000 0.003 0.000 
  20   (0.029) 0.006 0.005 0.060 0.021 0.004 0.000 0.022 0.002 
   6   (0.029) 0.053 0.017 0.038 0.001 0.005 0.000 0.013 0.000 
  23   (0.011) 0.002 0.002 0.008 0.004 0.001 0.000 0.001 0.000 
   2   (0.011) 0.002 0.002 0.004 0.006 0.002 0.000 0.001 0.000 

Locus 6 : 
8 alleles
0.0% missing data
   2   (0.783) 0.907 0.949 0.597 0.865 0.947 0.695 0.947 0.850 
   3   (0.088) 0.061 0.019 0.098 0.037 0.017 0.192 0.038 0.147 
   7   (0.017) 0.002 0.002 0.005 0.000 0.002 0.112 0.002 0.002 
   1   (0.033) 0.005 0.014 0.153 0.077 0.010 0.000 0.004 0.000 
   4   (0.034) 0.017 0.008 0.108 0.016 0.004 0.000 0.004 0.000 
   6   (0.015) 0.002 0.002 0.007 0.000 0.017 0.000 0.002 0.000 
   5   (0.015) 0.002 0.002 0.027 0.000 0.002 0.000 0.002 0.000 
   8   (0.015) 0.004 0.004 0.005 0.004 0.002 0.000 0.002 0.000 

Locus 7 : 
20 alleles
3.6% missing data
   3   (0.133) 0.254 0.121 0.065 0.236 0.301 0.062 0.168 0.060 
  15   (0.023) 0.008 0.018 0.012 0.017 0.003 0.000 0.003 0.004 
  12   (0.052) 0.065 0.017 0.055 0.019 0.006 0.299 0.013 0.283 
   8   (0.054) 0.026 0.019 0.024 0.063 0.052 0.152 0.077 0.001 
  10   (0.061) 0.031 0.050 0.060 0.046 0.087 0.001 0.017 0.036 
