

----------------------------------------------------
STRUCTURE by Pritchard, Stephens and Donnelly (2000)
     and Falush, Stephens and Pritchard (2003)
       Code by Pritchard, Falush and Hubisz
             Version 2.3.4 (Jul 2012)
----------------------------------------------------



Command line arguments:   bin\structure -m C:\Users\eschumacher\Documents\GitHub\USBGHybridAcornsREU2023\Analysis\STRUCTURE\All_Loci\UHA_all_loci_nopop\200-200\mainparams -e C:\Users\eschumacher\Documents\GitHub\USBGHybridAcornsREU2023\Analysis\STRUCTURE\All_Loci\UHA_all_loci_nopop\200-200\extraparams 
Input File:    C:\Users\eschumacher\Documents\GitHub\USBGHybridAcornsREU2023\Analysis\STRUCTURE\All_Loci\UHA_all_loci_nopop\project_data

Run parameters:
   417 individuals
   13 loci
   11 populations assumed
   200000 Burn-in period
   200000 Reps


--------------------------------------------
Overall proportion of membership of the
sample in each of the 11 clusters

Inferred Clusters
  1      2      3      4      5      6      7      8      9     10     11    
0.079  0.036  0.075  0.027  0.057  0.176  0.055  0.189  0.053  0.176  0.075  

--------------------------------------------

Allele-freq. divergence among pops (Net nucleotide distance),
computed using point estimates of P.

      1       2       3       4       5       6       7       8       9      10      11      
 1      -    0.0504  0.0403  0.1042  0.0373  0.1860  0.2216  0.1980  0.1235  0.2027  0.0305  
 2   0.0504     -    0.0580  0.0662  0.0734  0.1197  0.1602  0.1249  0.0809  0.1293  0.0486  
 3   0.0403  0.0580     -    0.1007  0.0410  0.1989  0.2282  0.2138  0.1300  0.1830  0.0354  
 4   0.1042  0.0662  0.1007     -    0.1048  0.1566  0.2212  0.1918  0.1185  0.1830  0.0950  
 5   0.0373  0.0734  0.0410  0.1048     -    0.2054  0.2296  0.2356  0.1269  0.1889  0.0463  
 6   0.1860  0.1197  0.1989  0.1566  0.2054     -    0.2081  0.2143  0.1883  0.2128  0.1832  
 7   0.2216  0.1602  0.2282  0.2212  0.2296  0.2081     -    0.1010  0.2392  0.1039  0.2239  
 8   0.1980  0.1249  0.2138  0.1918  0.2356  0.2143  0.1010     -    0.2280  0.1000  0.1893  
 9   0.1235  0.0809  0.1300  0.1185  0.1269  0.1883  0.2392  0.2280     -    0.2114  0.1194  
10   0.2027  0.1293  0.1830  0.1830  0.1889  0.2128  0.1039  0.1000  0.2114     -    0.1997  
11   0.0305  0.0486  0.0354  0.0950  0.0463  0.1832  0.2239  0.1893  0.1194  0.1997     -    

Average distances (expected heterozygosity) between individuals in same cluster:
cluster  1  : 0.6712 
cluster  2  : 0.7248 
cluster  3  : 0.6799 
cluster  4  : 0.7934 
cluster  5  : 0.6775 
cluster  6  : 0.5020 
cluster  7  : 0.4301 
cluster  8  : 0.5217 
cluster  9  : 0.6460 
cluster 10  : 0.5350 
cluster 11  : 0.6979 

--------------------------------------------
Estimated Ln Prob of Data   = -14847.5
Mean value of ln likelihood = -14176.9
Variance of ln likelihood   = 1341.3
Mean value of alpha         = 0.0314

Mean value of Fst_1         = 0.1077
Mean value of Fst_2         = 0.0983
Mean value of Fst_3         = 0.1079
Mean value of Fst_4         = 0.1364
Mean value of Fst_5         = 0.1223
Mean value of Fst_6         = 0.2008
Mean value of Fst_7         = 0.4975
Mean value of Fst_8         = 0.4445
Mean value of Fst_9         = 0.1749
Mean value of Fst_10         = 0.4187
Mean value of Fst_11         = 0.0927


Inferred ancestry of individuals:
        Label (%Miss) :  Inferred clusters
  1 UHA-0126    (0)   :  0.004 0.009 0.011 0.005 0.004 0.012 0.007 0.004 0.003 0.935 0.006 
  2 UHA-0127   (15)   :  0.002 0.003 0.002 0.002 0.002 0.003 0.004 0.007 0.002 0.970 0.002 
  3 UHA-0135    (0)   :  0.003 0.004 0.003 0.003 0.005 0.009 0.028 0.782 0.003 0.158 0.004 
  4 UHA-0166    (0)   :  0.021 0.176 0.011 0.007 0.009 0.005 0.011 0.107 0.022 0.621 0.009 
  5 UHA-0169    (0)   :  0.007 0.287 0.005 0.014 0.006 0.010 0.007 0.008 0.004 0.645 0.007 
  6 UHA-0058    (7)   :  0.003 0.003 0.003 0.002 0.003 0.004 0.014 0.951 0.003 0.013 0.002 
  7 UHA-0020    (0)   :  0.002 0.002 0.002 0.001 0.002 0.002 0.003 0.979 0.002 0.005 0.002 
  8 UHA-0023   (15)   :  0.002 0.003 0.002 0.002 0.002 0.002 0.008 0.962 0.002 0.010 0.002 
  9 UHA-0025    (0)   :  0.004 0.006 0.005 0.003 0.008 0.005 0.243 0.715 0.002 0.005 0.005 
 10 UHA-0026    (7)   :  0.003 0.003 0.004 0.002 0.003 0.003 0.005 0.941 0.003 0.030 0.003 
 11 UHA-0027    (0)   :  0.002 0.003 0.002 0.002 0.002 0.002 0.005 0.973 0.002 0.004 0.003 
 12 UHA-0028    (0)   :  0.002 0.002 0.002 0.002 0.002 0.002 0.003 0.977 0.002 0.005 0.002 
 13 UHA-0099    (0)   :  0.004 0.003 0.002 0.003 0.003 0.009 0.416 0.551 0.002 0.003 0.003 
 14 UHA-0029    (0)   :  0.002 0.003 0.002 0.002 0.002 0.003 0.004 0.975 0.002 0.004 0.002 
 15 UHA-0043   (15)   :  0.003 0.005 0.003 0.002 0.002 0.004 0.008 0.957 0.004 0.008 0.004 
 16 UHA-0045    (0)   :  0.002 0.002 0.003 0.002 0.002 0.002 0.005 0.972 0.002 0.006 0.002 
 17 UHA-0047    (0)   :  0.003 0.004 0.004 0.003 0.003 0.009 0.017 0.943 0.003 0.009 0.002 
 18 UHA-0050    (0)   :  0.006 0.006 0.011 0.004 0.005 0.003 0.004 0.866 0.004 0.087 0.003 
 19 UHA-0052    (0)   :  0.004 0.008 0.006 0.013 0.003 0.004 0.005 0.921 0.004 0.011 0.020 
 20 UHA-0056    (7)   :  0.003 0.003 0.003 0.002 0.002 0.005 0.642 0.119 0.002 0.216 0.003 
 21 UHA-0068    (7)   :  0.003 0.002 0.003 0.002 0.003 0.004 0.013 0.008 0.003 0.956 0.003 
 22 UHA-0070    (0)   :  0.002 0.003 0.002 0.002 0.002 0.003 0.004 0.003 0.002 0.975 0.002 
 23 UHA-0071    (7)   :  0.003 0.002 0.002 0.002 0.003 0.002 0.006 0.004 0.002 0.973 0.002 
 24 UHA-0075   (15)   :  0.013 0.008 0.004 0.003 0.020 0.004 0.072 0.212 0.005 0.653 0.008 
 25 UHA-0077    (0)   :  0.003 0.003 0.002 0.002 0.002 0.002 0.016 0.014 0.003 0.952 0.002 
 26 UHA-0079    (0)   :  0.002 0.003 0.002 0.002 0.002 0.002 0.003 0.004 0.002 0.976 0.002 
 27 UHA-0080    (7)   :  0.015 0.007 0.016 0.003 0.023 0.005 0.004 0.003 0.003 0.912 0.010 
 28 UHA-0081    (7)   :  0.002 0.002 0.002 0.002 0.002 0.002 0.004 0.004 0.002 0.975 0.002 
 29 UHA-0093   (15)   :  0.002 0.002 0.002 0.002 0.002 0.003 0.006 0.004 0.002 0.972 0.002 
 30 UHA-0094    (0)   :  0.002 0.003 0.002 0.002 0.002 0.002 0.002 0.005 0.002 0.976 0.002 
 31 UHA-0095    (0)   :  0.002 0.005 0.003 0.002 0.002 0.002 0.004 0.007 0.002 0.968 0.002 
 32 UHA-0096   (23)   :  0.003 0.005 0.003 0.002 0.003 0.003 0.006 0.022 0.003 0.948 0.003 
 33 UHA-0097    (7)   :  0.002 0.004 0.003 0.002 0.002 0.002 0.004 0.004 0.002 0.972 0.002 
 34 UHA-0098    (0)   :  0.002 0.002 0.002 0.002 0.002 0.003 0.003 0.977 0.002 0.003 0.002 
 35 UHA-0101   (15)   :  0.003 0.004 0.003 0.003 0.002 0.007 0.003 0.968 0.002 0.003 0.003 
 36 UHA-0105    (0)   :  0.004 0.006 0.002 0.002 0.003 0.002 0.030 0.941 0.002 0.004 0.004 
 37 UHA-0109    (0)   :  0.003 0.003 0.002 0.002 0.002 0.004 0.003 0.973 0.002 0.003 0.002 
 38 UHA-0111    (0)   :  0.003 0.004 0.002 0.004 0.005 0.004 0.101 0.855 0.002 0.016 0.004 
 39 UHA-0112    (7)   :  0.003 0.003 0.003 0.002 0.004 0.003 0.004 0.002 0.003 0.972 0.002 
 40 UHA-0298    (0)   :  0.003 0.003 0.004 0.002 0.004 0.003 0.015 0.941 0.002 0.018 0.003 
 41 UHA-0021    (0)   :  0.002 0.010 0.003 0.003 0.007 0.002 0.004 0.958 0.002 0.004 0.005 
 42 UHA-0022    (0)   :  0.002 0.002 0.002 0.002 0.002 0.002 0.007 0.974 0.002 0.003 0.002 
 43 UHA-0048    (0)   :  0.002 0.002 0.002 0.002 0.002 0.002 0.005 0.976 0.002 0.003 0.002 
 44 UHA-0049    (0)   :  0.002 0.002 0.002 0.002 0.002 0.002 0.003 0.977 0.002 0.005 0.002 
 45 UHA-0053    (0)   :  0.002 0.003 0.002 0.002 0.002 0.002 0.004 0.972 0.002 0.006 0.002 
 46 UHA-0054    (0)   :  0.002 0.002 0.002 0.002 0.002 0.002 0.003 0.975 0.002 0.005 0.003 
 47 UHA-0055    (0)   :  0.002 0.004 0.003 0.007 0.003 0.002 0.018 0.638 0.004 0.314 0.004 
 48 UHA-0069    (0)   :  0.002 0.002 0.002 0.002 0.002 0.002 0.003 0.003 0.002 0.977 0.002 
 49 UHA-0072    (0)   :  0.003 0.003 0.002 0.002 0.003 0.003 0.005 0.013 0.002 0.961 0.003 
 50 UHA-0073    (0)   :  0.002 0.002 0.002 0.002 0.002 0.002 0.004 0.003 0.002 0.976 0.002 
 51 UHA-0074    (0)   :  0.004 0.004 0.003 0.004 0.003 0.008 0.011 0.567 0.003 0.389 0.004 
 52 UHA-0076    (0)   :  0.002 0.002 0.002 0.002 0.002 0.002 0.005 0.005 0.002 0.975 0.002 
 53 UHA-0100    (0)   :  0.003 0.004 0.002 0.007 0.003 0.005 0.570 0.395 0.003 0.004 0.003 
 54 UHA-0102    (0)   :  0.002 0.002 0.002 0.002 0.002 0.002 0.008 0.971 0.002 0.004 0.002 
 55 UHA-0106    (0)   :  0.002 0.003 0.002 0.002 0.002 0.002 0.003 0.977 0.002 0.004 0.002 
 56 UHA-0110    (0)   :  0.003 0.003 0.002 0.004 0.004 0.017 0.247 0.701 0.003 0.014 0.003 
 57 UHA-0036    (7)   :  0.003 0.002 0.002 0.002 0.002 0.003 0.005 0.972 0.002 0.004 0.002 
 58 UHA-0037    (0)   :  0.011 0.008 0.012 0.006 0.009 0.003 0.006 0.902 0.005 0.031 0.008 
 59 UHA-0038    (0)   :  0.005 0.004 0.006 0.004 0.005 0.002 0.004 0.828 0.003 0.136 0.003 
 60 UHA-0089    (0)   :  0.002 0.002 0.002 0.002 0.002 0.002 0.004 0.002 0.002 0.978 0.002 
 61 UHA-0040    (0)   :  0.003 0.003 0.004 0.002 0.003 0.003 0.011 0.893 0.002 0.073 0.002 
 62 UHA-0041    (0)   :  0.002 0.002 0.002 0.002 0.002 0.002 0.004 0.975 0.002 0.005 0.002 
 63 UHA-0090    (0)   :  0.002 0.002 0.002 0.002 0.002 0.002 0.003 0.004 0.002 0.977 0.002 
 64 UHA-0059    (0)   :  0.002 0.002 0.002 0.001 0.002 0.002 0.006 0.977 0.002 0.003 0.002 
 65 UHA-0063    (0)   :  0.004 0.003 0.002 0.003 0.003 0.958 0.003 0.004 0.005 0.011 0.003 
 66 UHA-0082    (0)   :  0.002 0.003 0.002 0.002 0.002 0.002 0.004 0.007 0.002 0.973 0.002 
 67 UHA-0083    (0)   :  0.003 0.003 0.002 0.002 0.003 0.003 0.006 0.004 0.003 0.970 0.002 
 68 UHA-0084    (0)   :  0.003 0.003 0.002 0.002 0.003 0.003 0.008 0.008 0.002 0.964 0.002 
 69 UHA-0085    (0)   :  0.002 0.002 0.002 0.002 0.002 0.003 0.012 0.005 0.002 0.965 0.002 
 70 UHA-0086    (0)   :  0.003 0.002 0.002 0.002 0.003 0.002 0.007 0.004 0.002 0.970 0.002 
 71 UHA-0087    (0)   :  0.003 0.002 0.002 0.002 0.003 0.002 0.011 0.003 0.003 0.967 0.002 
 72 UHA-0088    (0)   :  0.003 0.003 0.003 0.002 0.003 0.003 0.013 0.005 0.003 0.961 0.002 
 73 UHA-0091    (0)   :  0.003 0.002 0.002 0.002 0.003 0.003 0.007 0.004 0.002 0.970 0.002 
 74 UHA-0113    (0)   :  0.002 0.002 0.002 0.002 0.002 0.002 0.006 0.974 0.002 0.004 0.002 
 75 UHA-0114    (7)   :  0.002 0.002 0.002 0.002 0.002 0.002 0.003 0.978 0.002 0.004 0.002 
 76 UHA-0115    (7)   :  0.003 0.004 0.004 0.003 0.004 0.008 0.510 0.450 0.003 0.009 0.003 
 77 UHA-0116    (0)   :  0.002 0.003 0.002 0.002 0.002 0.002 0.004 0.972 0.002 0.005 0.003 
 78 UHA-0118    (0)   :  0.002 0.002 0.002 0.002 0.002 0.002 0.004 0.976 0.002 0.006 0.002 
 79 UHA-0119    (0)   :  0.002 0.003 0.002 0.002 0.002 0.004 0.005 0.972 0.002 0.004 0.002 
 80 UHA-0120    (0)   :  0.002 0.002 0.002 0.002 0.002 0.002 0.002 0.975 0.002 0.005 0.003 
 81 UHA-0121    (0)   :  0.002 0.002 0.002 0.002 0.002 0.002 0.003 0.978 0.002 0.004 0.002 
 82 UHA-0122    (0)   :  0.002 0.003 0.002 0.002 0.002 0.004 0.004 0.974 0.002 0.003 0.002 
 83 UHA-0123    (0)   :  0.002 0.003 0.002 0.002 0.002 0.002 0.004 0.069 0.002 0.909 0.002 
 84 UHA-0124    (7)   :  0.003 0.004 0.004 0.002 0.003 0.003 0.006 0.821 0.002 0.149 0.004 
 85 UHA-0125    (0)   :  0.016 0.104 0.008 0.005 0.015 0.004 0.099 0.308 0.009 0.423 0.008 
 86 UHA-0128    (7)   :  0.003 0.003 0.003 0.002 0.003 0.006 0.009 0.004 0.002 0.963 0.003 
 87 UHA-0129    (7)   :  0.002 0.003 0.002 0.002 0.002 0.006 0.006 0.005 0.002 0.967 0.002 
 88 UHA-0130    (0)   :  0.002 0.002 0.002 0.002 0.003 0.002 0.004 0.004 0.002 0.974 0.002 
 89 UHA-0131    (0)   :  0.040 0.044 0.020 0.015 0.006 0.008 0.019 0.017 0.014 0.802 0.015 
 90 UHA-0132    (0)   :  0.040 0.020 0.004 0.016 0.003 0.011 0.005 0.123 0.005 0.764 0.008 
 91 UHA-0133    (7)   :  0.003 0.004 0.003 0.002 0.003 0.005 0.006 0.028 0.003 0.939 0.003 
 92 UHA-0134    (7)   :  0.002 0.003 0.003 0.002 0.002 0.002 0.005 0.006 0.002 0.970 0.002 
 93 UHA-0136    (0)   :  0.002 0.002 0.002 0.002 0.002 0.005 0.006 0.004 0.002 0.972 0.002 
 94 UHA-0137    (0)   :  0.002 0.002 0.002 0.002 0.002 0.002 0.004 0.004 0.002 0.977 0.002 
 95 UHA-0138    (0)   :  0.008 0.179 0.656 0.006 0.008 0.015 0.003 0.043 0.008 0.063 0.012 
 96 UHA-0139    (0)   :  0.003 0.004 0.008 0.002 0.004 0.003 0.004 0.840 0.003 0.125 0.004 
 97 UHA-0140    (0)   :  0.005 0.014 0.007 0.020 0.006 0.009 0.016 0.346 0.007 0.541 0.029 
 98 UHA-0141    (0)   :  0.004 0.006 0.006 0.004 0.007 0.011 0.009 0.819 0.003 0.128 0.004 
 99 UHA-0143    (0)   :  0.002 0.003 0.002 0.002 0.002 0.006 0.006 0.017 0.002 0.956 0.002 
100 UHA-0144    (0)   :  0.002 0.003 0.002 0.002 0.002 0.005 0.005 0.005 0.002 0.968 0.003 
101 UHA-0146    (7)   :  0.002 0.004 0.002 0.002 0.009 0.005 0.004 0.011 0.002 0.957 0.003 
102 UHA-0147    (7)   :  0.003 0.003 0.003 0.002 0.003 0.003 0.003 0.031 0.002 0.942 0.004 
103 UHA-0150    (0)   :  0.004 0.005 0.005 0.003 0.005 0.003 0.486 0.010 0.003 0.472 0.004 
104 UHA-0162    (7)   :  0.196 0.146 0.011 0.032 0.019 0.008 0.545 0.005 0.007 0.014 0.017 
105 UHA-0163    (0)   :  0.002 0.003 0.002 0.002 0.002 0.002 0.971 0.007 0.002 0.005 0.002 
106 UHA-0164   (15)   :  0.003 0.005 0.004 0.002 0.004 0.004 0.020 0.013 0.004 0.939 0.003 
107 UHA-0165    (0)   :  0.002 0.002 0.002 0.002 0.002 0.002 0.005 0.007 0.002 0.972 0.002 
108 UHA-0167   (23)   :  0.007 0.010 0.010 0.004 0.007 0.004 0.007 0.769 0.009 0.166 0.006 
109 UHA-0148    (0)   :  0.007 0.017 0.018 0.003 0.003 0.020 0.659 0.004 0.237 0.008 0.024 
110 UHA-0151    (0)   :  0.006 0.005 0.009 0.003 0.006 0.003 0.755 0.150 0.004 0.051 0.008 
111 UHA-0152    (0)   :  0.002 0.002 0.002 0.002 0.002 0.003 0.626 0.307 0.002 0.050 0.002 
112 UHA-0153    (0)   :  0.002 0.002 0.002 0.002 0.002 0.002 0.674 0.302 0.002 0.007 0.002 
113 UHA-0154    (0)   :  0.002 0.004 0.002 0.002 0.002 0.002 0.921 0.019 0.002 0.043 0.002 
114 UHA-0155    (0)   :  0.005 0.006 0.002 0.003 0.006 0.006 0.613 0.330 0.003 0.020 0.005 
115 UHA-0156    (0)   :  0.008 0.182 0.005 0.104 0.005 0.011 0.546 0.008 0.004 0.095 0.032 
116 UHA-0157    (7)   :  0.002 0.002 0.002 0.002 0.002 0.003 0.975 0.004 0.002 0.005 0.002 
117 UHA-0158    (0)   :  0.012 0.013 0.004 0.006 0.004 0.015 0.621 0.008 0.002 0.311 0.004 
118 UHA-0159    (0)   :  0.003 0.004 0.005 0.003 0.004 0.004 0.331 0.631 0.003 0.009 0.003 
119 UHA-0160    (0)   :  0.003 0.007 0.003 0.004 0.004 0.008 0.542 0.418 0.002 0.007 0.003 
120 UHA-0161    (0)   :  0.002 0.003 0.002 0.002 0.002 0.002 0.639 0.308 0.002 0.036 0.002 
121 UHA-0426    (0)   :  0.007 0.007 0.004 0.003 0.029 0.004 0.009 0.009 0.003 0.913 0.013 
122 UHA-0427    (0)   :  0.002 0.002 0.003 0.002 0.002 0.003 0.006 0.452 0.002 0.524 0.002 
123 UHA-0428    (0)   :  0.002 0.003 0.002 0.002 0.002 0.002 0.004 0.003 0.002 0.977 0.002 
124 UHA-0429    (0)   :  0.002 0.002 0.002 0.002 0.002 0.003 0.975 0.004 0.002 0.003 0.002 
125 UHA-0430    (0)   :  0.002 0.003 0.002 0.002 0.002 0.003 0.657 0.311 0.002 0.014 0.002 
126 UHA-0431    (0)   :  0.002 0.003 0.003 0.002 0.002 0.002 0.610 0.367 0.002 0.004 0.003 
127 UHA-0432    (7)   :  0.003 0.004 0.003 0.003 0.003 0.004 0.957 0.006 0.003 0.011 0.003 
128 UHA-0433    (0)   :  0.002 0.002 0.002 0.002 0.002 0.002 0.973 0.005 0.002 0.006 0.002 
129 UHA-0434    (0)   :  0.003 0.016 0.005 0.004 0.006 0.005 0.451 0.004 0.015 0.488 0.004 
130 UHA-0435    (0)   :  0.029 0.016 0.006 0.003 0.004 0.022 0.044 0.044 0.003 0.826 0.003 
131 UHA-0436    (0)   :  0.002 0.002 0.002 0.002 0.002 0.002 0.003 0.005 0.002 0.974 0.002 
132 UHA-0437    (0)   :  0.002 0.003 0.002 0.002 0.002 0.002 0.008 0.099 0.002 0.876 0.002 
133 UHA-0438    (0)   :  0.003 0.004 0.002 0.002 0.011 0.017 0.005 0.012 0.003 0.938 0.003 
134 UHA-0439    (0)   :  0.002 0.003 0.002 0.002 0.003 0.003 0.045 0.798 0.002 0.138 0.002 
135 UHA-0440    (0)   :  0.002 0.003 0.002 0.002 0.002 0.003 0.004 0.973 0.002 0.005 0.002 
136 UHA-0441    (0)   :  0.002 0.002 0.002 0.002 0.002 0.002 0.005 0.972 0.002 0.009 0.002 
137 UHA-0442    (0)   :  0.002 0.002 0.002 0.002 0.002 0.002 0.004 0.973 0.002 0.007 0.002 
138 UHA-0443    (0)   :  0.002 0.003 0.002 0.002 0.002 0.003 0.003 0.975 0.002 0.004 0.002 
139 UHA-0444    (0)   :  0.002 0.003 0.002 0.002 0.002 0.002 0.003 0.975 0.002 0.005 0.002 
140 UHA-0445    (0)   :  0.002 0.002 0.002 0.002 0.002 0.002 0.007 0.974 0.002 0.004 0.002 
141 UHA-0446    (0)   :  0.006 0.005 0.011 0.003 0.036 0.005 0.038 0.748 0.002 0.127 0.018 
142 UHA-0447    (0)   :  0.002 0.003 0.002 0.002 0.002 0.003 0.004 0.976 0.002 0.003 0.002 
143 UHA-0448    (0)   :  0.002 0.002 0.002 0.002 0.002 0.002 0.003 0.977 0.002 0.005 0.002 
144 UHA-0449    (0)   :  0.002 0.002 0.002 0.002 0.002 0.004 0.004 0.976 0.002 0.002 0.002 
145 UHA-0450    (0)   :  0.002 0.003 0.002 0.002 0.002 0.003 0.003 0.974 0.002 0.004 0.002 
146 UHA-0451    (0)   :  0.002 0.003 0.002 0.002 0.002 0.003 0.004 0.974 0.002 0.004 0.002 
147 UHA-0452    (0)   :  0.002 0.002 0.002 0.002 0.002 0.003 0.004 0.976 0.002 0.002 0.002 
148 UHA-0453    (0)   :  0.002 0.002 0.002 0.002 0.002 0.002 0.004 0.974 0.002 0.005 0.002 
149 UHA-0454    (0)   :  0.002 0.002 0.002 0.002 0.002 0.003 0.004 0.977 0.002 0.003 0.002 
150 UHA-0455    (0)   :  0.002 0.002 0.002 0.001 0.002 0.002 0.004 0.978 0.002 0.003 0.002 
151 UHA-0456    (0)   :  0.002 0.003 0.002 0.002 0.002 0.002 0.004 0.975 0.002 0.004 0.002 
152 UHA-0457    (0)   :  0.007 0.006 0.005 0.005 0.005 0.015 0.082 0.866 0.002 0.002 0.005 
153 UHA-0458    (0)   :  0.004 0.004 0.004 0.003 0.007 0.004 0.253 0.713 0.002 0.003 0.004 
154 UHA-0459    (0)   :  0.003 0.006 0.002 0.004 0.006 0.009 0.075 0.873 0.002 0.014 0.004 
155 UHA-0460    (0)   :  0.002 0.002 0.002 0.002 0.002 0.003 0.003 0.977 0.002 0.003 0.002 
156 UHA-0001    (0)   :  0.011 0.003 0.006 0.003 0.003 0.960 0.003 0.003 0.003 0.002 0.004 
157 UHA-0002    (0)   :  0.161 0.031 0.045 0.014 0.035 0.682 0.004 0.004 0.003 0.004 0.016 
158 UHA-0003    (0)   :  0.033 0.022 0.008 0.004 0.027 0.821 0.013 0.050 0.005 0.003 0.015 
159 UHA-0004    (7)   :  0.006 0.003 0.003 0.003 0.007 0.002 0.003 0.006 0.960 0.002 0.006 
160 UHA-0005    (0)   :  0.006 0.011 0.009 0.004 0.004 0.014 0.016 0.005 0.920 0.003 0.006 
161 UHA-0006    (0)   :  0.066 0.019 0.024 0.005 0.016 0.003 0.012 0.006 0.836 0.006 0.008 
162 UHA-0007    (0)   :  0.355 0.148 0.320 0.004 0.068 0.017 0.008 0.004 0.004 0.004 0.068 
163 UHA-0008    (0)   :  0.006 0.010 0.937 0.003 0.004 0.004 0.006 0.004 0.004 0.005 0.016 
164 UHA-0009    (0)   :  0.003 0.006 0.004 0.005 0.003 0.029 0.004 0.014 0.002 0.926 0.002 
165 UHA-0010    (7)   :  0.002 0.003 0.003 0.002 0.003 0.003 0.003 0.023 0.003 0.953 0.003 
166 UHA-0011    (0)   :  0.002 0.003 0.002 0.002 0.002 0.002 0.005 0.005 0.002 0.975 0.002 
167 UHA-0012    (0)   :  0.002 0.002 0.002 0.002 0.002 0.002 0.978 0.002 0.002 0.004 0.002 
168 UHA-0013    (0)   :  0.004 0.012 0.004 0.003 0.005 0.003 0.022 0.008 0.003 0.928 0.007 
169 UHA-0014    (0)   :  0.002 0.002 0.002 0.002 0.002 0.002 0.004 0.003 0.002 0.975 0.002 
170 UHA-0015    (0)   :  0.003 0.008 0.003 0.005 0.002 0.112 0.003 0.011 0.002 0.850 0.002 
171 UHA-0016   (15)   :  0.003 0.003 0.003 0.002 0.003 0.003 0.010 0.007 0.003 0.961 0.003 
172 UHA-0017    (7)   :  0.936 0.008 0.005 0.009 0.007 0.004 0.003 0.004 0.015 0.005 0.005 
173 UHA-0018    (7)   :  0.837 0.006 0.051 0.003 0.026 0.002 0.002 0.002 0.005 0.004 0.061 
174 UHA-0183    (7)   :  0.003 0.003 0.002 0.003 0.003 0.972 0.002 0.003 0.003 0.002 0.002 
175 UHA-0184    (0)   :  0.002 0.003 0.003 0.010 0.003 0.967 0.003 0.002 0.002 0.003 0.002 
176 UHA-0186    (0)   :  0.004 0.004 0.004 0.003 0.010 0.856 0.110 0.002 0.003 0.002 0.004 
177 UHA-0187    (0)   :  0.007 0.007 0.005 0.003 0.007 0.941 0.007 0.002 0.011 0.006 0.004 
178 UHA-0188    (0)   :  0.005 0.005 0.003 0.003 0.003 0.957 0.003 0.010 0.005 0.005 0.003 
179 UHA-0191    (0)   :  0.002 0.005 0.003 0.004 0.003 0.970 0.003 0.002 0.002 0.003 0.003 
180 UHA-0193    (7)   :  0.011 0.010 0.011 0.006 0.007 0.003 0.002 0.003 0.930 0.008 0.009 
181 UHA-0194   (15)   :  0.011 0.044 0.008 0.077 0.013 0.008 0.002 0.012 0.811 0.002 0.013 
182 UHA-0195   (23)   :  0.009 0.006 0.026 0.004 0.005 0.005 0.002 0.002 0.930 0.002 0.007 
183 UHA-0196    (7)   :  0.007 0.080 0.004 0.211 0.004 0.021 0.006 0.007 0.649 0.003 0.008 
184 UHA-0197   (15)   :  0.003 0.010 0.003 0.003 0.004 0.004 0.003 0.007 0.957 0.004 0.003 
185 UHA-0198    (7)   :  0.021 0.014 0.165 0.016 0.016 0.004 0.002 0.003 0.707 0.003 0.050 
186 UHA-0202    (7)   :  0.017 0.390 0.112 0.035 0.019 0.007 0.002 0.005 0.362 0.008 0.042 
187 UHA-0205    (7)   :  0.005 0.004 0.009 0.004 0.006 0.004 0.005 0.003 0.951 0.004 0.005 
188 UHA-0207    (7)   :  0.006 0.003 0.003 0.003 0.007 0.002 0.003 0.006 0.960 0.002 0.005 
189 UHA-0208    (7)   :  0.334 0.038 0.020 0.008 0.072 0.005 0.005 0.004 0.498 0.005 0.011 
190 UHA-0210    (7)   :  0.019 0.231 0.023 0.009 0.106 0.009 0.025 0.376 0.055 0.135 0.013 
191 UHA-0211    (7)   :  0.003 0.004 0.003 0.963 0.004 0.008 0.003 0.002 0.006 0.003 0.002 
192 UHA-0212   (15)   :  0.003 0.004 0.002 0.965 0.003 0.007 0.002 0.003 0.006 0.002 0.002 
193 UHA-0213    (0)   :  0.004 0.004 0.004 0.343 0.003 0.610 0.005 0.002 0.017 0.004 0.004 
194 UHA-0214    (0)   :  0.003 0.005 0.002 0.527 0.002 0.447 0.002 0.002 0.005 0.002 0.002 
195 UHA-0215    (0)   :  0.212 0.030 0.017 0.006 0.021 0.594 0.010 0.019 0.070 0.006 0.015 
196 UHA-0216   (15)   :  0.112 0.018 0.043 0.017 0.087 0.620 0.003 0.003 0.037 0.004 0.055 
197 UHA-0217    (0)   :  0.025 0.067 0.027 0.023 0.009 0.758 0.004 0.010 0.023 0.019 0.035 
198 UHA-0218    (0)   :  0.044 0.041 0.023 0.011 0.025 0.656 0.016 0.008 0.007 0.003 0.166 
199 UHA-0219   (15)   :  0.270 0.042 0.050 0.008 0.435 0.124 0.013 0.004 0.038 0.006 0.009 
200 UHA-0220    (0)   :  0.191 0.298 0.020 0.008 0.041 0.289 0.003 0.009 0.007 0.004 0.129 
201 UHA-0221    (0)   :  0.026 0.006 0.007 0.005 0.006 0.005 0.004 0.003 0.930 0.004 0.005 
202 UHA-0222    (7)   :  0.012 0.005 0.004 0.004 0.005 0.004 0.005 0.002 0.950 0.004 0.004 
203 UHA-0223    (0)   :  0.749 0.012 0.011 0.005 0.009 0.011 0.005 0.004 0.176 0.003 0.014 
204 UHA-0224    (0)   :  0.002 0.003 0.003 0.002 0.003 0.002 0.007 0.006 0.003 0.968 0.002 
205 UHA-0225    (0)   :  0.638 0.102 0.006 0.026 0.120 0.069 0.004 0.010 0.015 0.005 0.005 
206 UHA-0226    (0)   :  0.347 0.089 0.009 0.010 0.372 0.012 0.005 0.004 0.135 0.005 0.011 
207 UHA-0227    (0)   :  0.816 0.010 0.011 0.002 0.013 0.003 0.003 0.034 0.004 0.086 0.016 
208 UHA-0228    (0)   :  0.957 0.003 0.010 0.002 0.008 0.002 0.003 0.002 0.002 0.003 0.006 
209 UHA-0229    (7)   :  0.935 0.008 0.005 0.009 0.008 0.003 0.003 0.004 0.014 0.005 0.005 
210 UHA-0230    (7)   :  0.096 0.231 0.188 0.050 0.098 0.163 0.018 0.013 0.067 0.017 0.059 
211 UHA-0231    (0)   :  0.029 0.043 0.867 0.004 0.025 0.007 0.004 0.003 0.003 0.005 0.011 
212 UHA-0232    (0)   :  0.665 0.179 0.015 0.005 0.052 0.011 0.005 0.003 0.023 0.003 0.038 
213 UHA-0233    (7)   :  0.147 0.230 0.350 0.005 0.064 0.039 0.003 0.004 0.134 0.005 0.017 
214 UHA-0238    (7)   :  0.039 0.088 0.015 0.004 0.696 0.029 0.004 0.004 0.055 0.010 0.055 
215 UHA-0239    (0)   :  0.023 0.199 0.062 0.003 0.400 0.008 0.010 0.011 0.006 0.074 0.205 
216 UHA-0240    (0)   :  0.050 0.042 0.013 0.005 0.723 0.003 0.002 0.002 0.004 0.003 0.152 
217 UHA-0241    (0)   :  0.031 0.010 0.658 0.003 0.276 0.002 0.002 0.002 0.003 0.005 0.007 
218 UHA-0242    (0)   :  0.068 0.006 0.527 0.003 0.353 0.002 0.003 0.002 0.007 0.003 0.027 
219 UHA-0243    (7)   :  0.012 0.004 0.137 0.003 0.021 0.002 0.002 0.002 0.005 0.002 0.811 
220 UHA-0244    (0)   :  0.137 0.017 0.662 0.006 0.025 0.025 0.005 0.006 0.011 0.009 0.097 
221 UHA-0245    (7)   :  0.876 0.014 0.008 0.016 0.015 0.048 0.004 0.004 0.006 0.004 0.006 
222 UHA-0246    (7)   :  0.236 0.013 0.676 0.005 0.040 0.004 0.004 0.004 0.005 0.005 0.008 
223 UHA-0247    (7)   :  0.008 0.014 0.063 0.006 0.098 0.007 0.006 0.005 0.013 0.008 0.773 
224 UHA-0248    (0)   :  0.003 0.904 0.003 0.007 0.003 0.015 0.003 0.037 0.003 0.019 0.002 
225 UHA-0249    (7)   :  0.004 0.937 0.003 0.003 0.005 0.006 0.003 0.005 0.024 0.007 0.003 
226 UHA-0251    (0)   :  0.007 0.016 0.008 0.879 0.008 0.024 0.006 0.004 0.040 0.004 0.005 
227 UHA-0252    (7)   :  0.018 0.023 0.005 0.729 0.007 0.002 0.011 0.017 0.169 0.012 0.006 
228 UHA-0254    (7)   :  0.058 0.010 0.031 0.866 0.008 0.005 0.002 0.004 0.005 0.004 0.006 
229 UHA-0255    (7)   :  0.011 0.611 0.005 0.247 0.016 0.005 0.003 0.005 0.078 0.013 0.007 
230 UHA-0256   (15)   :  0.054 0.275 0.008 0.004 0.008 0.020 0.058 0.017 0.003 0.546 0.008 
231 UHA-0257    (0)   :  0.003 0.003 0.002 0.002 0.002 0.003 0.005 0.974 0.002 0.003 0.002 
232 UHA-0258    (7)   :  0.008 0.006 0.004 0.004 0.003 0.006 0.880 0.044 0.002 0.038 0.005 
233 UHA-0259    (7)   :  0.013 0.011 0.005 0.004 0.011 0.034 0.014 0.009 0.003 0.869 0.026 
234 UHA-0260    (0)   :  0.002 0.002 0.002 0.002 0.002 0.002 0.003 0.978 0.002 0.004 0.002 
235 UHA-0261    (0)   :  0.003 0.003 0.004 0.002 0.003 0.003 0.005 0.961 0.003 0.012 0.003 
236 UHA-0262    (0)   :  0.003 0.004 0.002 0.002 0.003 0.004 0.006 0.003 0.003 0.969 0.002 
237 UHA-0263    (0)   :  0.002 0.003 0.002 0.002 0.002 0.002 0.004 0.004 0.002 0.974 0.002 
238 UHA-0264    (0)   :  0.006 0.007 0.011 0.002 0.004 0.004 0.119 0.005 0.003 0.836 0.003 
239 UHA-0265    (0)   :  0.003 0.002 0.004 0.002 0.003 0.002 0.003 0.003 0.002 0.974 0.002 
240 UHA-0266    (7)   :  0.003 0.003 0.002 0.002 0.002 0.002 0.006 0.007 0.002 0.968 0.002 
241 UHA-0267    (0)   :  0.002 0.002 0.002 0.002 0.002 0.002 0.003 0.003 0.002 0.978 0.002 
242 UHA-0273    (7)   :  0.007 0.405 0.004 0.020 0.008 0.012 0.003 0.022 0.498 0.014 0.007 
243 UHA-0282    (0)   :  0.344 0.010 0.512 0.003 0.027 0.004 0.002 0.004 0.007 0.002 0.085 
244 UHA-0283    (7)   :  0.004 0.004 0.003 0.005 0.005 0.964 0.004 0.002 0.003 0.004 0.003 
245 UHA-0284    (0)   :  0.865 0.010 0.016 0.003 0.046 0.004 0.011 0.005 0.015 0.005 0.019 
246 UHA-0285    (0)   :  0.002 0.003 0.003 0.003 0.002 0.975 0.002 0.002 0.003 0.002 0.002 
247 UHA-0286    (0)   :  0.012 0.020 0.070 0.043 0.005 0.656 0.009 0.006 0.003 0.003 0.173 
248 UHA-0287   (23)   :  0.004 0.008 0.003 0.008 0.004 0.957 0.003 0.002 0.006 0.002 0.003 
249 UHA-0288    (7)   :  0.485 0.036 0.009 0.004 0.115 0.004 0.309 0.003 0.005 0.003 0.026 
250 UHA-0289    (7)   :  0.017 0.004 0.768 0.032 0.132 0.005 0.002 0.002 0.003 0.003 0.033 
251 UHA-0294    (7)   :  0.011 0.021 0.912 0.004 0.011 0.006 0.003 0.004 0.013 0.006 0.010 
252 UHA-0295   (15)   :  0.132 0.025 0.494 0.004 0.013 0.013 0.019 0.007 0.048 0.007 0.238 
253 UHA-0299    (0)   :  0.017 0.004 0.388 0.003 0.033 0.003 0.002 0.005 0.004 0.007 0.534 
254 UHA-0300    (0)   :  0.005 0.019 0.003 0.010 0.007 0.932 0.002 0.002 0.016 0.002 0.003 
255 UHA-0301    (0)   :  0.004 0.002 0.005 0.002 0.974 0.002 0.002 0.002 0.002 0.003 0.003 
256 UHA-0302    (7)   :  0.754 0.005 0.007 0.002 0.204 0.003 0.003 0.002 0.005 0.006 0.009 
257 UHA-0303    (0)   :  0.048 0.011 0.029 0.004 0.710 0.009 0.159 0.004 0.010 0.005 0.010 
258 UHA-0304    (0)   :  0.820 0.023 0.009 0.013 0.017 0.011 0.002 0.006 0.003 0.004 0.092 
259 UHA-0305    (7)   :  0.007 0.008 0.010 0.003 0.954 0.002 0.005 0.002 0.003 0.002 0.005 
260 UHA-0306   (15)   :  0.081 0.015 0.055 0.008 0.792 0.002 0.008 0.008 0.007 0.004 0.019 
261 UHA-0307    (0)   :  0.005 0.008 0.008 0.003 0.005 0.003 0.003 0.005 0.003 0.003 0.955 
262 UHA-0308   (15)   :  0.007 0.003 0.005 0.003 0.956 0.004 0.002 0.002 0.007 0.003 0.007 
263 UHA-0309    (0)   :  0.014 0.005 0.006 0.007 0.005 0.005 0.002 0.002 0.003 0.002 0.949 
264 UHA-0310    (0)   :  0.016 0.015 0.102 0.006 0.029 0.002 0.002 0.003 0.011 0.002 0.811 
265 UHA-0311    (0)   :  0.003 0.004 0.012 0.003 0.002 0.962 0.002 0.002 0.005 0.002 0.003 
266 UHA-0312    (7)   :  0.008 0.007 0.005 0.004 0.904 0.011 0.002 0.004 0.005 0.002 0.048 
267 UHA-0313    (0)   :  0.021 0.015 0.014 0.007 0.783 0.013 0.003 0.004 0.004 0.002 0.133 
268 UHA-0314   (23)   :  0.004 0.007 0.007 0.006 0.003 0.945 0.005 0.009 0.004 0.007 0.004 
269 UHA-0316    (0)   :  0.025 0.019 0.072 0.005 0.011 0.005 0.004 0.011 0.006 0.007 0.834 
270 UHA-0317    (7)   :  0.040 0.017 0.635 0.011 0.005 0.019 0.002 0.084 0.006 0.009 0.172 
271 UHA-0318    (7)   :  0.501 0.010 0.017 0.005 0.030 0.003 0.003 0.003 0.005 0.004 0.420 
272 UHA-0319    (0)   :  0.003 0.002 0.004 0.003 0.002 0.970 0.002 0.002 0.005 0.002 0.005 
273 UHA-0320    (0)   :  0.003 0.005 0.005 0.004 0.004 0.899 0.003 0.004 0.004 0.067 0.003 
274 UHA-0321    (7)   :  0.158 0.006 0.006 0.012 0.790 0.003 0.002 0.003 0.005 0.004 0.009 
275 UHA-0322    (0)   :  0.012 0.005 0.005 0.005 0.014 0.009 0.002 0.005 0.012 0.010 0.922 
276 UHA-0323    (0)   :  0.007 0.027 0.012 0.006 0.011 0.902 0.003 0.003 0.021 0.003 0.005 
277 UHA-0324    (7)   :  0.003 0.006 0.005 0.004 0.003 0.938 0.019 0.004 0.003 0.010 0.005 
278 UHA-0325    (0)   :  0.005 0.004 0.003 0.006 0.002 0.959 0.005 0.007 0.005 0.002 0.003 
279 UHA-0326    (0)   :  0.007 0.004 0.011 0.002 0.007 0.931 0.020 0.002 0.003 0.002 0.010 
280 UHA-0327    (7)   :  0.003 0.004 0.004 0.004 0.003 0.965 0.004 0.003 0.003 0.004 0.005 
281 UHA-0329    (0)   :  0.342 0.018 0.035 0.032 0.372 0.006 0.003 0.002 0.023 0.003 0.164 
282 UHA-0330    (0)   :  0.636 0.103 0.059 0.011 0.142 0.006 0.002 0.004 0.005 0.002 0.030 
283 UHA-0331   (23)   :  0.005 0.007 0.004 0.007 0.003 0.949 0.006 0.004 0.004 0.006 0.005 
284 UHA-0332    (0)   :  0.007 0.005 0.914 0.003 0.006 0.003 0.002 0.003 0.006 0.004 0.047 
285 UHA-0333    (0)   :  0.004 0.007 0.003 0.003 0.003 0.966 0.003 0.002 0.003 0.002 0.003 
286 UHA-0334    (0)   :  0.010 0.010 0.004 0.007 0.004 0.942 0.008 0.005 0.004 0.002 0.003 
287 UHA-0335   (15)   :  0.665 0.023 0.015 0.005 0.213 0.004 0.002 0.003 0.007 0.003 0.059 
288 UHA-0337    (0)   :  0.234 0.026 0.014 0.004 0.028 0.004 0.002 0.004 0.029 0.006 0.648 
289 UHA-0338    (7)   :  0.011 0.102 0.010 0.014 0.006 0.818 0.003 0.006 0.005 0.004 0.022 
290 UHA-0339    (0)   :  0.055 0.008 0.004 0.007 0.021 0.885 0.005 0.003 0.007 0.002 0.004 
291 UHA-0340    (0)   :  0.206 0.553 0.099 0.010 0.033 0.005 0.007 0.007 0.042 0.004 0.033 
292 UHA-0343    (0)   :  0.012 0.021 0.074 0.043 0.005 0.655 0.009 0.006 0.003 0.003 0.170 
293 UHA-0345    (0)   :  0.007 0.005 0.896 0.008 0.045 0.002 0.009 0.002 0.003 0.013 0.010 
294 UHA-0346    (7)   :  0.218 0.041 0.594 0.006 0.053 0.018 0.009 0.002 0.009 0.002 0.048 
295 UHA-0347    (7)   :  0.175 0.092 0.165 0.005 0.181 0.003 0.045 0.002 0.009 0.017 0.306 
296 UHA-0348    (0)   :  0.012 0.010 0.016 0.003 0.007 0.003 0.005 0.003 0.013 0.003 0.925 
297 UHA-0349   (23)   :  0.007 0.010 0.428 0.004 0.073 0.004 0.017 0.006 0.006 0.005 0.442 
298 UHA-0350    (0)   :  0.003 0.003 0.004 0.003 0.004 0.969 0.004 0.002 0.002 0.003 0.003 
299 UHA-0354    (0)   :  0.016 0.528 0.031 0.010 0.034 0.011 0.007 0.004 0.104 0.003 0.252 
300 UHA-0352    (7)   :  0.157 0.015 0.714 0.003 0.014 0.004 0.002 0.002 0.007 0.002 0.079 
301 UHA-0353    (7)   :  0.064 0.014 0.114 0.017 0.325 0.007 0.003 0.002 0.024 0.004 0.428 
302 UHA-0172    (0)   :  0.005 0.003 0.007 0.003 0.004 0.002 0.002 0.001 0.964 0.002 0.007 
303 UHA-0174    (0)   :  0.029 0.115 0.163 0.027 0.019 0.013 0.005 0.007 0.160 0.006 0.455 
304 UHA-0175    (0)   :  0.058 0.055 0.420 0.004 0.361 0.002 0.002 0.007 0.011 0.010 0.071 
305 UHA-0176    (0)   :  0.004 0.003 0.002 0.003 0.003 0.959 0.003 0.005 0.005 0.011 0.003 
306 UHA-0177    (7)   :  0.405 0.346 0.033 0.011 0.035 0.006 0.019 0.008 0.007 0.005 0.125 
307 UHA-0178    (0)   :  0.004 0.004 0.002 0.002 0.005 0.953 0.004 0.002 0.007 0.012 0.003 
308 UHA-0179    (7)   :  0.011 0.016 0.010 0.161 0.014 0.022 0.006 0.003 0.745 0.004 0.009 
309 UHA-0189    (0)   :  0.003 0.006 0.003 0.003 0.003 0.955 0.004 0.010 0.004 0.006 0.003 
310 UHA-0190    (0)   :  0.003 0.004 0.003 0.005 0.003 0.964 0.003 0.004 0.005 0.003 0.003 
311 UHA-0199    (7)   :  0.011 0.016 0.009 0.017 0.014 0.008 0.003 0.004 0.903 0.005 0.011 
312 UHA-0276    (0)   :  0.003 0.006 0.003 0.966 0.003 0.004 0.003 0.002 0.004 0.002 0.003 
313 UHA-0277    (7)   :  0.004 0.006 0.007 0.935 0.006 0.028 0.003 0.002 0.003 0.002 0.005 
314 UHA-0203    (7)   :  0.003 0.003 0.002 0.003 0.003 0.003 0.002 0.002 0.975 0.002 0.002 
315 UHA-0204    (0)   :  0.005 0.006 0.004 0.003 0.005 0.004 0.004 0.002 0.957 0.004 0.006 
316 UHA-0234    (0)   :  0.349 0.007 0.333 0.005 0.030 0.008 0.004 0.003 0.017 0.003 0.243 
317 UHA-0235    (0)   :  0.014 0.016 0.865 0.006 0.012 0.004 0.006 0.004 0.041 0.004 0.026 
318 UHA-0236    (0)   :  0.044 0.281 0.016 0.021 0.031 0.069 0.005 0.003 0.453 0.009 0.068 
319 UHA-0268    (0)   :  0.014 0.279 0.016 0.016 0.033 0.003 0.007 0.252 0.003 0.370 0.007 
320 UHA-0269    (0)   :  0.005 0.834 0.004 0.045 0.005 0.007 0.007 0.025 0.003 0.054 0.012 
321 UHA-0270    (7)   :  0.126 0.311 0.016 0.034 0.027 0.179 0.153 0.026 0.007 0.049 0.072 
322 UHA-0271    (0)   :  0.037 0.273 0.012 0.010 0.013 0.263 0.026 0.115 0.013 0.231 0.007 
323 UHA-0272    (0)   :  0.105 0.263 0.005 0.003 0.012 0.010 0.032 0.463 0.023 0.009 0.073 
324 UHA-0355    (7)   :  0.298 0.229 0.151 0.012 0.135 0.003 0.003 0.003 0.014 0.002 0.149 
325 UHA-0356    (0)   :  0.007 0.009 0.126 0.005 0.007 0.003 0.021 0.017 0.006 0.055 0.743 
326 UHA-0357    (0)   :  0.825 0.008 0.010 0.008 0.008 0.010 0.007 0.003 0.004 0.002 0.114 
327 UHA-0358    (0)   :  0.639 0.098 0.076 0.004 0.107 0.003 0.012 0.003 0.008 0.013 0.039 
328 UHA-0359    (0)   :  0.021 0.010 0.068 0.033 0.043 0.033 0.011 0.004 0.010 0.014 0.751 
329 UHA-0361   (23)   :  0.014 0.009 0.067 0.007 0.007 0.007 0.003 0.012 0.007 0.003 0.864 
330 UHA-0362    (0)   :  0.017 0.011 0.422 0.003 0.172 0.008 0.021 0.009 0.006 0.006 0.325 
331 UHA-0363   (15)   :  0.307 0.056 0.040 0.003 0.065 0.006 0.005 0.007 0.024 0.005 0.482 
332 UHA-0379    (0)   :  0.002 0.010 0.002 0.003 0.002 0.867 0.031 0.028 0.003 0.050 0.003 
333 UHA-0365    (0)   :  0.007 0.003 0.005 0.002 0.006 0.003 0.003 0.003 0.004 0.002 0.962 
334 UHA-0366    (0)   :  0.022 0.094 0.009 0.007 0.041 0.005 0.024 0.009 0.009 0.016 0.763 
335 UHA-0367    (0)   :  0.022 0.014 0.008 0.007 0.006 0.917 0.003 0.004 0.007 0.005 0.007 
336 UHA-0368    (0)   :  0.003 0.004 0.002 0.007 0.003 0.964 0.002 0.004 0.005 0.002 0.003 
337 UHA-0369    (0)   :  0.002 0.003 0.002 0.002 0.002 0.977 0.003 0.002 0.002 0.003 0.002 
338 UHA-0370    (7)   :  0.009 0.008 0.005 0.006 0.004 0.940 0.003 0.003 0.011 0.003 0.008 
339 UHA-0371    (7)   :  0.004 0.011 0.006 0.005 0.011 0.877 0.046 0.027 0.003 0.006 0.005 
340 UHA-0372    (7)   :  0.019 0.010 0.016 0.003 0.008 0.005 0.011 0.006 0.015 0.014 0.894 
341 UHA-0373   (15)   :  0.006 0.014 0.906 0.009 0.032 0.003 0.002 0.002 0.003 0.002 0.022 
342 UHA-0374    (0)   :  0.039 0.134 0.123 0.101 0.189 0.004 0.027 0.002 0.063 0.002 0.315 
343 UHA-0375    (0)   :  0.005 0.006 0.945 0.006 0.007 0.004 0.003 0.004 0.007 0.004 0.010 
344 UHA-0376    (0)   :  0.024 0.006 0.121 0.003 0.774 0.003 0.010 0.002 0.024 0.003 0.030 
345 UHA-0377    (0)   :  0.003 0.004 0.003 0.004 0.002 0.971 0.004 0.002 0.003 0.002 0.003 
346 UHA-0378    (0)   :  0.002 0.004 0.004 0.003 0.004 0.966 0.004 0.004 0.003 0.005 0.003 
347 UHA-0380    (7)   :  0.008 0.042 0.006 0.007 0.012 0.901 0.004 0.004 0.004 0.006 0.008 
348 UHA-0381    (0)   :  0.006 0.027 0.004 0.004 0.003 0.940 0.003 0.002 0.003 0.003 0.004 
349 UHA-0382    (0)   :  0.003 0.005 0.002 0.006 0.003 0.962 0.002 0.003 0.009 0.002 0.003 
350 UHA-0383   (15)   :  0.010 0.027 0.004 0.017 0.007 0.862 0.010 0.007 0.049 0.003 0.006 
351 UHA-0384    (7)   :  0.010 0.008 0.010 0.004 0.011 0.940 0.003 0.002 0.002 0.003 0.007 
352 UHA-0385    (0)   :  0.022 0.005 0.004 0.003 0.004 0.946 0.002 0.002 0.004 0.002 0.005 
353 UHA-0386    (7)   :  0.003 0.002 0.002 0.003 0.002 0.977 0.002 0.002 0.002 0.002 0.002 
354 UHA-0387    (0)   :  0.008 0.003 0.004 0.003 0.005 0.962 0.002 0.002 0.002 0.002 0.007 
355 UHA-0388    (0)   :  0.004 0.005 0.004 0.002 0.007 0.958 0.003 0.004 0.002 0.006 0.005 
356 UHA-0389    (7)   :  0.007 0.004 0.011 0.004 0.006 0.950 0.002 0.003 0.005 0.003 0.005 
357 UHA-0390    (0)   :  0.003 0.003 0.003 0.002 0.003 0.975 0.003 0.003 0.002 0.003 0.002 
358 UHA-0391    (0)   :  0.003 0.019 0.008 0.016 0.005 0.927 0.003 0.004 0.003 0.005 0.007 
359 UHA-0392    (0)   :  0.002 0.009 0.002 0.003 0.002 0.879 0.029 0.026 0.003 0.042 0.003 
360 UHA-0393    (0)   :  0.004 0.035 0.003 0.003 0.003 0.926 0.010 0.004 0.003 0.005 0.004 
361 UHA-0394    (0)   :  0.030 0.031 0.005 0.008 0.009 0.890 0.002 0.003 0.007 0.002 0.013 
362 UHA-0395    (7)   :  0.871 0.005 0.041 0.010 0.038 0.009 0.003 0.004 0.004 0.007 0.008 
363 UHA-0396    (0)   :  0.880 0.005 0.044 0.011 0.033 0.007 0.002 0.004 0.005 0.003 0.007 
364 UHA-0397    (7)   :  0.074 0.017 0.025 0.008 0.580 0.017 0.004 0.005 0.038 0.014 0.219 
365 UHA-0398    (0)   :  0.067 0.680 0.045 0.009 0.091 0.005 0.029 0.011 0.008 0.011 0.045 
366 UHA-0399    (7)   :  0.891 0.026 0.015 0.003 0.025 0.005 0.002 0.004 0.005 0.002 0.022 
367 UHA-0400    (0)   :  0.008 0.003 0.023 0.002 0.008 0.002 0.003 0.003 0.003 0.003 0.942 
368 UHA-0401   (15)   :  0.805 0.017 0.120 0.008 0.012 0.008 0.002 0.005 0.005 0.004 0.014 
369 UHA-0402   (23)   :  0.429 0.053 0.030 0.004 0.200 0.009 0.004 0.006 0.006 0.003 0.255 
370 UHA-0404    (0)   :  0.016 0.004 0.003 0.003 0.008 0.895 0.055 0.003 0.003 0.008 0.002 
371 UHA-0405    (0)   :  0.793 0.029 0.044 0.008 0.036 0.041 0.003 0.006 0.017 0.004 0.021 
372 UHA-0406    (0)   :  0.006 0.003 0.963 0.002 0.006 0.002 0.006 0.002 0.003 0.002 0.005 
373 UHA-0407    (0)   :  0.106 0.006 0.033 0.004 0.541 0.003 0.003 0.004 0.003 0.002 0.296 
374 UHA-0408    (0)   :  0.004 0.003 0.003 0.003 0.004 0.974 0.002 0.002 0.002 0.002 0.003 
375 UHA-0409    (0)   :  0.793 0.006 0.040 0.003 0.019 0.002 0.004 0.017 0.003 0.006 0.107 
376 UHA-0410    (0)   :  0.003 0.007 0.005 0.004 0.020 0.941 0.003 0.002 0.003 0.002 0.011 
377 UHA-0411    (7)   :  0.872 0.006 0.024 0.002 0.033 0.002 0.003 0.003 0.004 0.002 0.048 
378 UHA-0412    (0)   :  0.003 0.006 0.005 0.005 0.020 0.941 0.003 0.002 0.003 0.002 0.011 
379 UHA-0413    (0)   :  0.035 0.009 0.872 0.005 0.010 0.037 0.009 0.002 0.004 0.011 0.006 
380 UHA-0414    (0)   :  0.005 0.004 0.003 0.003 0.003 0.968 0.002 0.002 0.004 0.002 0.004 
381 UHA-0415    (0)   :  0.003 0.003 0.003 0.003 0.003 0.973 0.002 0.002 0.003 0.002 0.003 
382 UHA-0416    (0)   :  0.006 0.007 0.004 0.005 0.005 0.959 0.002 0.003 0.002 0.004 0.004 
383 UHA-0417    (0)   :  0.004 0.011 0.004 0.004 0.011 0.801 0.018 0.091 0.003 0.048 0.004 
384 UHA-0418    (0)   :  0.002 0.002 0.002 0.003 0.002 0.976 0.003 0.002 0.003 0.003 0.002 
385 UHA-0419    (0)   :  0.002 0.004 0.004 0.003 0.004 0.969 0.002 0.002 0.004 0.002 0.003 
386 UHA-0420    (0)   :  0.086 0.006 0.816 0.004 0.016 0.002 0.004 0.003 0.003 0.004 0.055 
387 UHA-0421    (0)   :  0.009 0.022 0.017 0.009 0.009 0.011 0.006 0.005 0.005 0.008 0.900 
388 UHA-0422    (0)   :  0.021 0.020 0.035 0.013 0.021 0.794 0.004 0.009 0.004 0.004 0.075 
389 UHA-0423    (0)   :  0.007 0.004 0.004 0.004 0.005 0.958 0.003 0.003 0.003 0.003 0.005 
390 UHA-0424    (0)   :  0.206 0.007 0.033 0.009 0.517 0.015 0.003 0.002 0.066 0.005 0.138 
391 UHA-0425    (0)   :  0.009 0.006 0.122 0.004 0.008 0.002 0.010 0.014 0.003 0.026 0.796 
392 UHA-0461    (0)   :  0.026 0.026 0.037 0.011 0.610 0.007 0.096 0.005 0.032 0.005 0.145 
393 UHA-0462    (7)   :  0.351 0.028 0.190 0.004 0.390 0.003 0.005 0.003 0.004 0.011 0.012 
394 UHA-0463    (7)   :  0.005 0.003 0.969 0.002 0.004 0.002 0.002 0.002 0.003 0.002 0.007 
395 UHA-0464    (0)   :  0.006 0.004 0.960 0.002 0.005 0.002 0.004 0.003 0.003 0.004 0.008 
396 UHA-0465    (0)   :  0.010 0.018 0.825 0.003 0.020 0.003 0.006 0.028 0.004 0.062 0.022 
397 UHA-0466    (0)   :  0.332 0.010 0.049 0.003 0.126 0.004 0.003 0.002 0.022 0.002 0.448 
