

----------------------------------------------------
STRUCTURE by Pritchard, Stephens and Donnelly (2000)
     and Falush, Stephens and Pritchard (2003)
       Code by Pritchard, Falush and Hubisz
             Version 2.3.4 (Jul 2012)
----------------------------------------------------



Command line arguments:   bin\structure -m C:\Users\eschumacher\Documents\GitHub\USBGHybridAcornsREU2023\Analysis\STRUCTURE\All_Loci\UHA_all_loci_nopop\200-200\mainparams -e C:\Users\eschumacher\Documents\GitHub\USBGHybridAcornsREU2023\Analysis\STRUCTURE\All_Loci\UHA_all_loci_nopop\200-200\extraparams 
Input File:    C:\Users\eschumacher\Documents\GitHub\USBGHybridAcornsREU2023\Analysis\STRUCTURE\All_Loci\UHA_all_loci_nopop\project_data

Run parameters:
   417 individuals
   13 loci
   10 populations assumed
   200000 Burn-in period
   200000 Reps


--------------------------------------------
Overall proportion of membership of the
sample in each of the 10 clusters

Inferred Clusters
  1      2      3      4      5      6      7      8      9     10    
0.019  0.086  0.060  0.208  0.055  0.077  0.033  0.076  0.209  0.177  

--------------------------------------------

Allele-freq. divergence among pops (Net nucleotide distance),
computed using point estimates of P.

      1       2       3       4       5       6       7       8       9      10      
 1      -    0.1408  0.1404  0.2202  0.1797  0.1535  0.1111  0.1257  0.2279  0.1794  
 2   0.1408     -    0.0359  0.1931  0.1200  0.0395  0.0715  0.0302  0.1949  0.1848  
 3   0.1404  0.0359     -    0.2197  0.1169  0.0397  0.0773  0.0419  0.1786  0.1931  
 4   0.2202  0.1931  0.2197     -    0.2203  0.2110  0.1446  0.1859  0.0883  0.2094  
 5   0.1797  0.1200  0.1169  0.2203     -    0.1263  0.0777  0.1142  0.2005  0.1840  
 6   0.1535  0.0395  0.0397  0.2110  0.1263     -    0.0659  0.0353  0.1795  0.1982  
 7   0.1111  0.0715  0.0773  0.1446  0.0777  0.0659     -    0.0675  0.1323  0.1306  
 8   0.1257  0.0302  0.0419  0.1859  0.1142  0.0353  0.0675     -    0.1918  0.1823  
 9   0.2279  0.1949  0.1786  0.0883  0.2005  0.1795  0.1323  0.1918     -    0.2010  
10   0.1794  0.1848  0.1931  0.2094  0.1840  0.1982  0.1306  0.1823  0.2010     -    

Average distances (expected heterozygosity) between individuals in same cluster:
cluster  1  : 0.7105 
cluster  2  : 0.6698 
cluster  3  : 0.6845 
cluster  4  : 0.5241 
cluster  5  : 0.6517 
cluster  6  : 0.6791 
cluster  7  : 0.7626 
cluster  8  : 0.7007 
cluster  9  : 0.5395 
cluster 10  : 0.5002 

--------------------------------------------
Estimated Ln Prob of Data   = -15047.6
Mean value of ln likelihood = -14403.7
Variance of ln likelihood   = 1287.7
Mean value of alpha         = 0.0314

Mean value of Fst_1         = 0.2493
Mean value of Fst_2         = 0.0996
Mean value of Fst_3         = 0.1077
Mean value of Fst_4         = 0.4153
Mean value of Fst_5         = 0.1661
Mean value of Fst_6         = 0.1025
Mean value of Fst_7         = 0.0972
Mean value of Fst_8         = 0.0894
Mean value of Fst_9         = 0.3710
Mean value of Fst_10         = 0.2033


Inferred ancestry of individuals:
        Label (%Miss) :  Inferred clusters
  1 UHA-0126    (0)   :  0.020 0.004 0.004 0.004 0.003 0.010 0.006 0.005 0.936 0.008 
  2 UHA-0127   (15)   :  0.002 0.002 0.002 0.009 0.002 0.002 0.003 0.003 0.972 0.003 
  3 UHA-0135    (0)   :  0.003 0.003 0.004 0.894 0.003 0.003 0.003 0.004 0.075 0.008 
  4 UHA-0166    (0)   :  0.007 0.022 0.011 0.116 0.020 0.012 0.032 0.010 0.768 0.004 
  5 UHA-0169    (0)   :  0.012 0.012 0.008 0.012 0.004 0.005 0.268 0.009 0.660 0.011 
  6 UHA-0058    (7)   :  0.002 0.002 0.003 0.967 0.003 0.003 0.003 0.002 0.012 0.003 
  7 UHA-0020    (0)   :  0.002 0.002 0.002 0.982 0.002 0.002 0.002 0.002 0.004 0.002 
  8 UHA-0023   (15)   :  0.002 0.002 0.002 0.969 0.002 0.002 0.002 0.002 0.013 0.002 
  9 UHA-0025    (0)   :  0.004 0.003 0.004 0.969 0.002 0.003 0.003 0.004 0.004 0.004 
 10 UHA-0026    (7)   :  0.002 0.003 0.003 0.953 0.003 0.005 0.003 0.003 0.023 0.003 
 11 UHA-0027    (0)   :  0.002 0.002 0.002 0.978 0.002 0.002 0.002 0.002 0.004 0.002 
 12 UHA-0028    (0)   :  0.002 0.002 0.002 0.981 0.002 0.002 0.002 0.002 0.004 0.002 
 13 UHA-0099    (0)   :  0.003 0.004 0.004 0.963 0.003 0.003 0.003 0.003 0.003 0.012 
 14 UHA-0029    (0)   :  0.002 0.002 0.002 0.978 0.002 0.002 0.002 0.002 0.004 0.003 
 15 UHA-0043   (15)   :  0.002 0.003 0.003 0.964 0.004 0.003 0.004 0.004 0.011 0.004 
 16 UHA-0045    (0)   :  0.002 0.002 0.002 0.976 0.002 0.003 0.002 0.002 0.007 0.002 
 17 UHA-0047    (0)   :  0.002 0.003 0.003 0.960 0.003 0.003 0.004 0.002 0.010 0.009 
 18 UHA-0050    (0)   :  0.002 0.006 0.005 0.887 0.005 0.012 0.009 0.004 0.068 0.003 
 19 UHA-0052    (0)   :  0.019 0.003 0.003 0.932 0.004 0.005 0.005 0.016 0.009 0.004 
 20 UHA-0056    (7)   :  0.003 0.006 0.004 0.476 0.002 0.005 0.003 0.004 0.482 0.013 
 21 UHA-0068    (7)   :  0.002 0.002 0.003 0.006 0.003 0.003 0.002 0.002 0.970 0.004 
 22 UHA-0070    (0)   :  0.002 0.002 0.002 0.003 0.003 0.002 0.002 0.002 0.979 0.003 
 23 UHA-0071    (7)   :  0.002 0.003 0.003 0.004 0.002 0.002 0.002 0.002 0.978 0.002 
 24 UHA-0075   (15)   :  0.003 0.009 0.025 0.176 0.004 0.004 0.005 0.006 0.763 0.004 
 25 UHA-0077    (0)   :  0.002 0.003 0.002 0.010 0.002 0.002 0.002 0.002 0.972 0.002 
 26 UHA-0079    (0)   :  0.002 0.002 0.002 0.004 0.002 0.002 0.003 0.002 0.979 0.002 
 27 UHA-0080    (7)   :  0.003 0.016 0.025 0.003 0.004 0.017 0.005 0.010 0.912 0.005 
 28 UHA-0081    (7)   :  0.002 0.002 0.002 0.004 0.002 0.002 0.002 0.002 0.978 0.002 
 29 UHA-0093   (15)   :  0.002 0.002 0.002 0.004 0.002 0.002 0.002 0.002 0.977 0.003 
 30 UHA-0094    (0)   :  0.002 0.002 0.002 0.005 0.002 0.002 0.003 0.002 0.977 0.003 
 31 UHA-0095    (0)   :  0.002 0.002 0.003 0.007 0.002 0.003 0.005 0.002 0.971 0.003 
 32 UHA-0096   (23)   :  0.002 0.003 0.003 0.022 0.002 0.003 0.004 0.003 0.954 0.003 
 33 UHA-0097    (7)   :  0.002 0.002 0.002 0.005 0.002 0.003 0.004 0.002 0.975 0.002 
 34 UHA-0098    (0)   :  0.002 0.002 0.002 0.980 0.002 0.002 0.002 0.002 0.004 0.003 
 35 UHA-0101   (15)   :  0.002 0.003 0.003 0.969 0.002 0.003 0.004 0.003 0.003 0.007 
 36 UHA-0105    (0)   :  0.002 0.002 0.002 0.979 0.002 0.002 0.002 0.003 0.003 0.002 
 37 UHA-0109    (0)   :  0.002 0.003 0.002 0.976 0.002 0.003 0.002 0.002 0.003 0.004 
 38 UHA-0111    (0)   :  0.003 0.002 0.003 0.971 0.002 0.002 0.002 0.003 0.009 0.003 
 39 UHA-0112    (7)   :  0.002 0.003 0.004 0.003 0.003 0.004 0.003 0.002 0.974 0.003 
 40 UHA-0298    (0)   :  0.002 0.003 0.004 0.958 0.002 0.004 0.003 0.003 0.018 0.003 
 41 UHA-0021    (0)   :  0.003 0.002 0.009 0.962 0.002 0.003 0.006 0.005 0.005 0.002 
 42 UHA-0022    (0)   :  0.002 0.002 0.002 0.981 0.002 0.002 0.002 0.002 0.004 0.002 
 43 UHA-0048    (0)   :  0.002 0.002 0.002 0.981 0.002 0.002 0.002 0.002 0.003 0.002 
 44 UHA-0049    (0)   :  0.002 0.002 0.002 0.979 0.002 0.002 0.002 0.002 0.006 0.002 
 45 UHA-0053    (0)   :  0.002 0.002 0.002 0.976 0.002 0.002 0.002 0.003 0.006 0.002 
 46 UHA-0054    (0)   :  0.002 0.002 0.002 0.978 0.002 0.002 0.002 0.003 0.005 0.002 
 47 UHA-0055    (0)   :  0.011 0.002 0.003 0.770 0.004 0.003 0.003 0.003 0.197 0.002 
 48 UHA-0069    (0)   :  0.002 0.002 0.002 0.003 0.002 0.002 0.002 0.002 0.980 0.002 
 49 UHA-0072    (0)   :  0.002 0.003 0.003 0.012 0.002 0.002 0.003 0.003 0.968 0.003 
 50 UHA-0073    (0)   :  0.002 0.002 0.002 0.003 0.002 0.002 0.002 0.002 0.980 0.002 
 51 UHA-0074    (0)   :  0.004 0.004 0.003 0.582 0.003 0.003 0.005 0.004 0.382 0.010 
 52 UHA-0076    (0)   :  0.002 0.002 0.002 0.005 0.002 0.002 0.002 0.002 0.979 0.002 
 53 UHA-0100    (0)   :  0.004 0.003 0.005 0.958 0.003 0.002 0.003 0.004 0.009 0.010 
 54 UHA-0102    (0)   :  0.002 0.002 0.002 0.979 0.002 0.002 0.002 0.002 0.004 0.002 
 55 UHA-0106    (0)   :  0.002 0.002 0.002 0.980 0.002 0.002 0.002 0.002 0.004 0.002 
 56 UHA-0110    (0)   :  0.003 0.002 0.003 0.965 0.002 0.002 0.003 0.003 0.009 0.007 
 57 UHA-0036    (7)   :  0.002 0.003 0.002 0.978 0.002 0.002 0.002 0.002 0.004 0.003 
 58 UHA-0037    (0)   :  0.003 0.010 0.008 0.914 0.005 0.011 0.011 0.008 0.026 0.004 
 59 UHA-0038    (0)   :  0.002 0.005 0.005 0.847 0.003 0.007 0.005 0.004 0.121 0.002 
 60 UHA-0089    (0)   :  0.002 0.002 0.002 0.003 0.002 0.002 0.002 0.002 0.981 0.002 
 61 UHA-0040    (0)   :  0.002 0.003 0.003 0.912 0.002 0.004 0.002 0.002 0.067 0.003 
 62 UHA-0041    (0)   :  0.002 0.002 0.002 0.979 0.002 0.002 0.002 0.002 0.005 0.002 
 63 UHA-0090    (0)   :  0.002 0.002 0.002 0.004 0.002 0.003 0.002 0.002 0.979 0.002 
 64 UHA-0059    (0)   :  0.002 0.002 0.002 0.983 0.002 0.002 0.002 0.002 0.003 0.002 
 65 UHA-0063    (0)   :  0.002 0.004 0.003 0.005 0.005 0.002 0.003 0.003 0.009 0.964 
 66 UHA-0082    (0)   :  0.002 0.002 0.002 0.006 0.002 0.002 0.003 0.002 0.977 0.002 
 67 UHA-0083    (0)   :  0.002 0.003 0.002 0.004 0.003 0.002 0.002 0.002 0.977 0.002 
 68 UHA-0084    (0)   :  0.002 0.003 0.003 0.008 0.002 0.002 0.002 0.002 0.973 0.003 
 69 UHA-0085    (0)   :  0.002 0.002 0.003 0.005 0.002 0.002 0.002 0.002 0.977 0.002 
 70 UHA-0086    (0)   :  0.002 0.003 0.003 0.004 0.002 0.002 0.002 0.002 0.977 0.002 
 71 UHA-0087    (0)   :  0.002 0.003 0.003 0.003 0.003 0.002 0.002 0.002 0.979 0.002 
 72 UHA-0088    (0)   :  0.002 0.003 0.003 0.005 0.003 0.002 0.002 0.002 0.975 0.003 
 73 UHA-0091    (0)   :  0.002 0.002 0.003 0.004 0.002 0.002 0.002 0.002 0.977 0.003 
 74 UHA-0113    (0)   :  0.002 0.002 0.002 0.980 0.002 0.002 0.002 0.002 0.004 0.002 
 75 UHA-0114    (7)   :  0.002 0.002 0.002 0.980 0.002 0.002 0.002 0.002 0.004 0.002 
 76 UHA-0115    (7)   :  0.004 0.004 0.008 0.925 0.003 0.007 0.005 0.004 0.012 0.027 
 77 UHA-0116    (0)   :  0.002 0.002 0.002 0.977 0.002 0.002 0.002 0.003 0.005 0.002 
 78 UHA-0118    (0)   :  0.002 0.002 0.002 0.979 0.002 0.002 0.002 0.002 0.006 0.002 
 79 UHA-0119    (0)   :  0.002 0.002 0.002 0.976 0.002 0.002 0.003 0.002 0.004 0.004 
 80 UHA-0120    (0)   :  0.002 0.002 0.002 0.977 0.002 0.002 0.002 0.003 0.005 0.002 
 81 UHA-0121    (0)   :  0.002 0.002 0.002 0.981 0.002 0.002 0.002 0.002 0.004 0.002 
 82 UHA-0122    (0)   :  0.002 0.002 0.002 0.978 0.002 0.002 0.003 0.002 0.003 0.004 
 83 UHA-0123    (0)   :  0.002 0.002 0.002 0.087 0.002 0.003 0.003 0.003 0.894 0.002 
 84 UHA-0124    (7)   :  0.002 0.003 0.003 0.836 0.002 0.004 0.003 0.003 0.140 0.003 
 85 UHA-0125    (0)   :  0.006 0.017 0.014 0.206 0.009 0.009 0.016 0.008 0.711 0.004 
 86 UHA-0128    (7)   :  0.002 0.003 0.003 0.004 0.002 0.003 0.003 0.003 0.972 0.005 
 87 UHA-0129    (7)   :  0.002 0.002 0.002 0.005 0.002 0.002 0.002 0.002 0.973 0.005 
 88 UHA-0130    (0)   :  0.002 0.002 0.003 0.005 0.002 0.002 0.002 0.003 0.976 0.002 
 89 UHA-0131    (0)   :  0.022 0.030 0.005 0.015 0.008 0.013 0.006 0.011 0.885 0.006 
 90 UHA-0132    (0)   :  0.034 0.030 0.003 0.107 0.005 0.005 0.006 0.007 0.792 0.011 
 91 UHA-0133    (7)   :  0.002 0.003 0.003 0.037 0.003 0.003 0.003 0.004 0.936 0.005 
 92 UHA-0134    (7)   :  0.002 0.002 0.003 0.006 0.002 0.003 0.002 0.003 0.975 0.002 
 93 UHA-0136    (0)   :  0.002 0.002 0.002 0.004 0.002 0.002 0.002 0.002 0.978 0.004 
 94 UHA-0137    (0)   :  0.002 0.002 0.002 0.004 0.002 0.002 0.002 0.002 0.980 0.002 
 95 UHA-0138    (0)   :  0.004 0.007 0.007 0.045 0.008 0.773 0.076 0.009 0.055 0.017 
 96 UHA-0139    (0)   :  0.002 0.003 0.003 0.876 0.003 0.009 0.003 0.004 0.094 0.003 
 97 UHA-0140    (0)   :  0.028 0.004 0.007 0.537 0.007 0.007 0.008 0.025 0.371 0.007 
 98 UHA-0141    (0)   :  0.004 0.004 0.006 0.883 0.003 0.008 0.004 0.004 0.076 0.009 
 99 UHA-0143    (0)   :  0.003 0.002 0.002 0.027 0.002 0.002 0.002 0.002 0.951 0.006 
100 UHA-0144    (0)   :  0.002 0.002 0.002 0.006 0.003 0.002 0.002 0.003 0.973 0.005 
101 UHA-0146    (7)   :  0.003 0.002 0.009 0.014 0.002 0.002 0.003 0.003 0.957 0.005 
102 UHA-0147    (7)   :  0.002 0.003 0.003 0.046 0.003 0.004 0.003 0.004 0.928 0.003 
103 UHA-0150    (0)   :  0.004 0.004 0.006 0.013 0.003 0.006 0.004 0.004 0.950 0.005 
104 UHA-0162    (7)   :  0.039 0.374 0.025 0.017 0.008 0.017 0.062 0.027 0.422 0.010 
105 UHA-0163    (0)   :  0.007 0.005 0.007 0.290 0.004 0.008 0.004 0.013 0.657 0.006 
106 UHA-0164   (15)   :  0.003 0.003 0.004 0.009 0.004 0.004 0.004 0.003 0.962 0.004 
107 UHA-0165    (0)   :  0.002 0.002 0.002 0.006 0.002 0.002 0.003 0.002 0.977 0.002 
108 UHA-0167   (23)   :  0.003 0.008 0.007 0.790 0.010 0.010 0.010 0.007 0.153 0.004 
109 UHA-0148    (0)   :  0.006 0.009 0.004 0.013 0.157 0.030 0.017 0.026 0.683 0.054 
110 UHA-0151    (0)   :  0.003 0.007 0.009 0.089 0.010 0.004 0.006 0.008 0.855 0.009 
111 UHA-0152    (0)   :  0.002 0.002 0.002 0.268 0.002 0.002 0.002 0.002 0.713 0.003 
112 UHA-0153    (0)   :  0.002 0.002 0.002 0.317 0.002 0.002 0.002 0.002 0.665 0.003 
113 UHA-0154    (0)   :  0.003 0.003 0.003 0.283 0.002 0.003 0.003 0.006 0.692 0.002 
114 UHA-0155    (0)   :  0.003 0.005 0.004 0.422 0.003 0.002 0.003 0.003 0.549 0.005 
115 UHA-0156    (0)   :  0.059 0.011 0.010 0.014 0.005 0.007 0.239 0.061 0.587 0.008 
116 UHA-0157    (7)   :  0.002 0.004 0.004 0.347 0.002 0.002 0.002 0.003 0.627 0.005 
117 UHA-0158    (0)   :  0.019 0.043 0.012 0.156 0.004 0.009 0.008 0.012 0.701 0.036 
118 UHA-0159    (0)   :  0.006 0.006 0.020 0.688 0.004 0.014 0.011 0.006 0.236 0.009 
119 UHA-0160    (0)   :  0.005 0.004 0.005 0.475 0.002 0.003 0.005 0.002 0.490 0.009 
120 UHA-0161    (0)   :  0.004 0.003 0.004 0.183 0.003 0.004 0.003 0.003 0.788 0.004 
121 UHA-0426    (0)   :  0.003 0.008 0.030 0.008 0.003 0.004 0.005 0.014 0.922 0.004 
122 UHA-0427    (0)   :  0.002 0.002 0.002 0.452 0.002 0.003 0.002 0.002 0.529 0.003 
123 UHA-0428    (0)   :  0.002 0.002 0.002 0.003 0.002 0.002 0.003 0.002 0.979 0.002 
124 UHA-0429    (0)   :  0.010 0.015 0.047 0.502 0.004 0.014 0.014 0.008 0.339 0.046 
125 UHA-0430    (0)   :  0.002 0.002 0.002 0.321 0.003 0.002 0.003 0.002 0.659 0.003 
126 UHA-0431    (0)   :  0.004 0.003 0.004 0.451 0.003 0.006 0.005 0.005 0.514 0.005 
127 UHA-0432    (7)   :  0.005 0.015 0.076 0.215 0.003 0.017 0.006 0.016 0.628 0.018 
128 UHA-0433    (0)   :  0.002 0.004 0.003 0.437 0.002 0.002 0.002 0.003 0.541 0.005 
129 UHA-0434    (0)   :  0.004 0.006 0.011 0.010 0.020 0.008 0.008 0.008 0.917 0.008 
130 UHA-0435    (0)   :  0.007 0.026 0.005 0.080 0.003 0.006 0.004 0.003 0.847 0.018 
131 UHA-0436    (0)   :  0.002 0.002 0.003 0.005 0.002 0.002 0.002 0.003 0.976 0.002 
132 UHA-0437    (0)   :  0.002 0.002 0.002 0.123 0.002 0.002 0.002 0.002 0.861 0.002 
133 UHA-0438    (0)   :  0.003 0.003 0.011 0.021 0.003 0.002 0.003 0.003 0.932 0.019 
134 UHA-0439    (0)   :  0.002 0.002 0.003 0.905 0.002 0.002 0.002 0.002 0.077 0.003 
135 UHA-0440    (0)   :  0.002 0.002 0.002 0.976 0.002 0.002 0.002 0.002 0.006 0.003 
136 UHA-0441    (0)   :  0.002 0.002 0.002 0.977 0.002 0.002 0.002 0.002 0.009 0.002 
137 UHA-0442    (0)   :  0.002 0.002 0.002 0.978 0.002 0.002 0.002 0.002 0.007 0.002 
138 UHA-0443    (0)   :  0.002 0.002 0.002 0.979 0.002 0.002 0.003 0.002 0.004 0.003 
139 UHA-0444    (0)   :  0.002 0.002 0.002 0.978 0.002 0.002 0.003 0.002 0.005 0.002 
140 UHA-0445    (0)   :  0.002 0.002 0.002 0.981 0.002 0.002 0.002 0.002 0.005 0.002 
141 UHA-0446    (0)   :  0.004 0.007 0.034 0.843 0.002 0.011 0.004 0.018 0.072 0.005 
142 UHA-0447    (0)   :  0.002 0.002 0.002 0.979 0.002 0.002 0.003 0.002 0.003 0.003 
143 UHA-0448    (0)   :  0.002 0.002 0.002 0.979 0.002 0.002 0.002 0.002 0.005 0.002 
144 UHA-0449    (0)   :  0.002 0.002 0.002 0.980 0.002 0.002 0.002 0.002 0.003 0.004 
145 UHA-0450    (0)   :  0.002 0.002 0.002 0.977 0.002 0.002 0.003 0.002 0.004 0.003 
146 UHA-0451    (0)   :  0.002 0.002 0.002 0.978 0.002 0.002 0.003 0.002 0.005 0.002 
147 UHA-0452    (0)   :  0.002 0.002 0.002 0.979 0.002 0.002 0.002 0.002 0.003 0.004 
148 UHA-0453    (0)   :  0.002 0.002 0.002 0.977 0.002 0.002 0.002 0.002 0.005 0.003 
149 UHA-0454    (0)   :  0.002 0.002 0.002 0.980 0.002 0.002 0.002 0.002 0.003 0.003 
150 UHA-0455    (0)   :  0.002 0.002 0.002 0.983 0.002 0.002 0.002 0.002 0.003 0.002 
151 UHA-0456    (0)   :  0.002 0.002 0.002 0.979 0.002 0.002 0.002 0.002 0.004 0.002 
152 UHA-0457    (0)   :  0.004 0.003 0.003 0.972 0.002 0.002 0.003 0.003 0.003 0.006 
153 UHA-0458    (0)   :  0.004 0.003 0.003 0.974 0.002 0.002 0.003 0.003 0.003 0.003 
154 UHA-0459    (0)   :  0.003 0.002 0.003 0.968 0.002 0.002 0.003 0.003 0.008 0.006 
155 UHA-0460    (0)   :  0.002 0.002 0.002 0.979 0.002 0.002 0.002 0.002 0.004 0.003 
156 UHA-0001    (0)   :  0.003 0.011 0.003 0.003 0.003 0.007 0.003 0.003 0.002 0.963 
157 UHA-0002    (0)   :  0.006 0.163 0.032 0.004 0.004 0.052 0.039 0.016 0.005 0.681 
158 UHA-0003    (0)   :  0.003 0.034 0.036 0.049 0.005 0.007 0.015 0.010 0.005 0.837 
159 UHA-0004    (7)   :  0.003 0.005 0.006 0.006 0.963 0.004 0.003 0.006 0.002 0.002 
160 UHA-0005    (0)   :  0.004 0.006 0.005 0.007 0.934 0.010 0.010 0.007 0.003 0.015 
161 UHA-0006    (0)   :  0.005 0.066 0.014 0.008 0.853 0.027 0.009 0.009 0.005 0.004 
162 UHA-0007    (0)   :  0.006 0.518 0.080 0.004 0.005 0.296 0.009 0.057 0.005 0.019 
163 UHA-0008    (0)   :  0.005 0.007 0.005 0.004 0.004 0.940 0.005 0.019 0.006 0.004 
164 UHA-0009    (0)   :  0.004 0.003 0.003 0.014 0.002 0.004 0.008 0.003 0.927 0.031 
165 UHA-0010    (7)   :  0.002 0.003 0.003 0.033 0.003 0.003 0.003 0.003 0.945 0.003 
166 UHA-0011    (0)   :  0.002 0.002 0.002 0.004 0.002 0.002 0.003 0.002 0.980 0.002 
167 UHA-0012    (0)   :  0.004 0.003 0.004 0.017 0.003 0.004 0.004 0.003 0.953 0.005 
168 UHA-0013    (0)   :  0.002 0.004 0.004 0.008 0.002 0.003 0.004 0.005 0.965 0.003 
169 UHA-0014    (0)   :  0.002 0.002 0.002 0.003 0.002 0.002 0.002 0.002 0.979 0.002 
170 UHA-0015    (0)   :  0.004 0.003 0.002 0.009 0.002 0.003 0.012 0.002 0.840 0.123 
171 UHA-0016   (15)   :  0.002 0.002 0.003 0.006 0.003 0.003 0.003 0.003 0.972 0.003 
172 UHA-0017    (7)   :  0.009 0.939 0.007 0.004 0.015 0.005 0.008 0.005 0.005 0.004 
173 UHA-0018    (7)   :  0.003 0.863 0.020 0.002 0.005 0.037 0.006 0.058 0.003 0.002 
174 UHA-0183    (7)   :  0.003 0.003 0.003 0.003 0.003 0.003 0.003 0.002 0.002 0.975 
175 UHA-0184    (0)   :  0.036 0.002 0.003 0.002 0.002 0.003 0.002 0.002 0.003 0.944 
176 UHA-0186    (0)   :  0.003 0.006 0.026 0.003 0.003 0.005 0.006 0.004 0.019 0.924 
177 UHA-0187    (0)   :  0.003 0.008 0.006 0.002 0.012 0.005 0.004 0.004 0.006 0.950 
178 UHA-0188    (0)   :  0.002 0.004 0.002 0.009 0.004 0.003 0.005 0.003 0.004 0.963 
179 UHA-0191    (0)   :  0.003 0.002 0.003 0.002 0.002 0.002 0.006 0.003 0.003 0.973 
180 UHA-0193    (7)   :  0.003 0.009 0.005 0.003 0.940 0.010 0.012 0.009 0.006 0.003 
181 UHA-0194   (15)   :  0.057 0.011 0.012 0.009 0.834 0.008 0.047 0.011 0.002 0.007 
182 UHA-0195   (23)   :  0.004 0.008 0.005 0.002 0.935 0.026 0.005 0.007 0.002 0.006 
183 UHA-0196    (7)   :  0.076 0.009 0.004 0.007 0.693 0.004 0.168 0.009 0.004 0.026 
184 UHA-0197   (15)   :  0.002 0.003 0.004 0.006 0.966 0.003 0.006 0.003 0.004 0.003 
185 UHA-0198    (7)   :  0.027 0.018 0.017 0.003 0.718 0.157 0.008 0.046 0.003 0.004 
186 UHA-0202    (7)   :  0.141 0.022 0.018 0.006 0.515 0.159 0.084 0.036 0.011 0.008 
187 UHA-0205    (7)   :  0.003 0.005 0.006 0.003 0.956 0.009 0.005 0.005 0.004 0.004 
188 UHA-0207    (7)   :  0.003 0.005 0.006 0.006 0.964 0.004 0.003 0.005 0.002 0.002 
189 UHA-0208    (7)   :  0.003 0.390 0.030 0.005 0.521 0.018 0.013 0.011 0.004 0.005 
190 UHA-0210    (7)   :  0.014 0.023 0.155 0.389 0.064 0.030 0.119 0.017 0.180 0.010 
191 UHA-0211    (7)   :  0.002 0.002 0.003 0.002 0.004 0.003 0.973 0.002 0.002 0.006 
192 UHA-0212   (15)   :  0.002 0.002 0.003 0.002 0.004 0.002 0.974 0.002 0.002 0.006 
193 UHA-0213    (0)   :  0.370 0.003 0.003 0.002 0.008 0.004 0.003 0.003 0.005 0.599 
194 UHA-0214    (0)   :  0.573 0.004 0.004 0.002 0.010 0.003 0.010 0.002 0.002 0.390 
195 UHA-0215    (0)   :  0.005 0.244 0.017 0.019 0.074 0.015 0.017 0.016 0.007 0.586 
196 UHA-0216   (15)   :  0.006 0.111 0.086 0.003 0.038 0.052 0.022 0.057 0.004 0.620 
197 UHA-0217    (0)   :  0.013 0.032 0.010 0.011 0.024 0.028 0.064 0.045 0.022 0.751 
198 UHA-0218    (0)   :  0.013 0.051 0.025 0.011 0.007 0.018 0.009 0.206 0.003 0.657 
199 UHA-0219   (15)   :  0.007 0.380 0.332 0.004 0.047 0.061 0.011 0.010 0.007 0.141 
200 UHA-0220    (0)   :  0.006 0.367 0.033 0.008 0.007 0.024 0.123 0.137 0.004 0.291 
201 UHA-0221    (0)   :  0.003 0.022 0.006 0.002 0.936 0.008 0.009 0.005 0.004 0.005 
202 UHA-0222    (7)   :  0.003 0.011 0.006 0.002 0.955 0.004 0.006 0.004 0.004 0.004 
203 UHA-0223    (0)   :  0.006 0.747 0.014 0.005 0.177 0.011 0.006 0.020 0.003 0.012 
204 UHA-0224    (0)   :  0.002 0.002 0.003 0.005 0.003 0.003 0.002 0.002 0.976 0.003 
205 UHA-0225    (0)   :  0.005 0.541 0.202 0.012 0.023 0.008 0.133 0.006 0.005 0.067 
206 UHA-0226    (0)   :  0.008 0.218 0.542 0.004 0.157 0.010 0.026 0.015 0.005 0.015 
207 UHA-0227    (0)   :  0.002 0.828 0.021 0.039 0.004 0.011 0.005 0.018 0.068 0.003 
208 UHA-0228    (0)   :  0.002 0.962 0.007 0.002 0.002 0.010 0.002 0.006 0.003 0.002 
209 UHA-0229    (7)   :  0.009 0.940 0.006 0.004 0.015 0.005 0.008 0.005 0.005 0.004 
210 UHA-0230    (7)   :  0.010 0.104 0.160 0.016 0.074 0.213 0.149 0.078 0.018 0.179 
211 UHA-0231    (0)   :  0.005 0.028 0.026 0.003 0.003 0.905 0.009 0.009 0.005 0.007 
212 UHA-0232    (0)   :  0.006 0.823 0.052 0.004 0.027 0.016 0.016 0.040 0.004 0.012 
213 UHA-0233    (7)   :  0.006 0.176 0.079 0.005 0.163 0.434 0.070 0.017 0.005 0.046 
214 UHA-0238    (7)   :  0.004 0.021 0.815 0.004 0.040 0.017 0.021 0.046 0.008 0.024 
215 UHA-0239    (0)   :  0.003 0.022 0.506 0.011 0.006 0.069 0.064 0.221 0.088 0.010 
216 UHA-0240    (0)   :  0.005 0.026 0.827 0.002 0.004 0.011 0.013 0.105 0.003 0.003 
217 UHA-0241    (0)   :  0.002 0.044 0.146 0.002 0.004 0.785 0.004 0.007 0.004 0.002 
218 UHA-0242    (0)   :  0.004 0.083 0.254 0.002 0.006 0.618 0.004 0.025 0.003 0.002 
219 UHA-0243    (7)   :  0.003 0.016 0.015 0.002 0.005 0.085 0.003 0.868 0.002 0.002 
220 UHA-0244    (0)   :  0.006 0.119 0.024 0.006 0.011 0.699 0.010 0.093 0.009 0.023 
221 UHA-0245    (7)   :  0.005 0.850 0.015 0.004 0.006 0.008 0.058 0.006 0.003 0.045 
222 UHA-0246    (7)   :  0.004 0.176 0.041 0.004 0.006 0.745 0.008 0.008 0.004 0.004 
223 UHA-0247    (7)   :  0.004 0.007 0.065 0.005 0.010 0.044 0.010 0.842 0.007 0.007 
224 UHA-0248    (0)   :  0.004 0.003 0.003 0.053 0.003 0.003 0.893 0.003 0.023 0.010 
225 UHA-0249    (7)   :  0.003 0.004 0.004 0.007 0.012 0.003 0.952 0.003 0.007 0.006 
226 UHA-0251    (0)   :  0.008 0.005 0.008 0.006 0.026 0.007 0.913 0.005 0.004 0.019 
227 UHA-0252    (7)   :  0.200 0.036 0.006 0.038 0.332 0.004 0.358 0.005 0.018 0.002 
228 UHA-0254    (7)   :  0.131 0.040 0.007 0.002 0.004 0.035 0.767 0.005 0.003 0.006 
229 UHA-0255    (7)   :  0.038 0.009 0.012 0.006 0.099 0.006 0.807 0.006 0.014 0.004 
230 UHA-0256   (15)   :  0.010 0.078 0.010 0.010 0.003 0.009 0.079 0.008 0.764 0.029 
231 UHA-0257    (0)   :  0.002 0.003 0.002 0.978 0.002 0.002 0.003 0.002 0.003 0.003 
232 UHA-0258    (7)   :  0.006 0.018 0.011 0.852 0.002 0.011 0.005 0.006 0.034 0.055 
233 UHA-0259    (7)   :  0.005 0.011 0.013 0.010 0.004 0.004 0.007 0.029 0.888 0.027 
234 UHA-0260    (0)   :  0.002 0.002 0.002 0.981 0.002 0.002 0.002 0.002 0.005 0.002 
235 UHA-0261    (0)   :  0.002 0.003 0.003 0.968 0.003 0.004 0.003 0.003 0.010 0.003 
236 UHA-0262    (0)   :  0.002 0.003 0.002 0.003 0.003 0.002 0.003 0.002 0.976 0.004 
237 UHA-0263    (0)   :  0.002 0.002 0.002 0.004 0.002 0.002 0.003 0.002 0.979 0.002 
238 UHA-0264    (0)   :  0.002 0.006 0.003 0.005 0.003 0.011 0.004 0.003 0.959 0.005 
239 UHA-0265    (0)   :  0.002 0.003 0.004 0.003 0.002 0.004 0.003 0.002 0.976 0.002 
240 UHA-0266    (7)   :  0.002 0.003 0.002 0.008 0.002 0.003 0.003 0.002 0.973 0.002 
241 UHA-0267    (0)   :  0.002 0.002 0.002 0.003 0.002 0.002 0.002 0.002 0.981 0.002 
242 UHA-0273    (7)   :  0.012 0.007 0.012 0.033 0.559 0.005 0.338 0.008 0.015 0.011 
243 UHA-0282    (0)   :  0.003 0.285 0.031 0.004 0.007 0.558 0.005 0.100 0.002 0.004 
244 UHA-0283    (7)   :  0.006 0.004 0.005 0.002 0.003 0.003 0.004 0.003 0.004 0.967 
245 UHA-0284    (0)   :  0.004 0.859 0.058 0.006 0.019 0.021 0.005 0.019 0.005 0.004 
246 UHA-0285    (0)   :  0.003 0.002 0.002 0.002 0.003 0.003 0.003 0.002 0.002 0.977 
247 UHA-0286    (0)   :  0.337 0.012 0.004 0.006 0.003 0.029 0.007 0.108 0.003 0.490 
248 UHA-0287   (23)   :  0.008 0.004 0.004 0.002 0.006 0.003 0.014 0.003 0.002 0.953 
249 UHA-0288    (7)   :  0.005 0.640 0.208 0.022 0.004 0.022 0.019 0.027 0.048 0.006 
250 UHA-0289    (7)   :  0.026 0.015 0.098 0.002 0.003 0.816 0.005 0.028 0.003 0.005 
251 UHA-0294    (7)   :  0.011 0.011 0.010 0.004 0.012 0.923 0.010 0.010 0.005 0.005 
252 UHA-0295   (15)   :  0.004 0.126 0.014 0.007 0.048 0.423 0.012 0.340 0.011 0.014 
253 UHA-0299    (0)   :  0.003 0.014 0.032 0.004 0.003 0.306 0.005 0.624 0.007 0.003 
254 UHA-0300    (0)   :  0.011 0.005 0.006 0.002 0.016 0.003 0.020 0.003 0.002 0.932 
255 UHA-0301    (0)   :  0.002 0.004 0.975 0.002 0.002 0.005 0.002 0.003 0.003 0.002 
256 UHA-0302    (7)   :  0.003 0.854 0.110 0.002 0.005 0.007 0.003 0.008 0.005 0.003 
257 UHA-0303    (0)   :  0.004 0.039 0.892 0.005 0.009 0.019 0.007 0.008 0.007 0.010 
258 UHA-0304    (0)   :  0.014 0.811 0.019 0.005 0.003 0.009 0.029 0.095 0.004 0.010 
259 UHA-0305    (7)   :  0.003 0.008 0.961 0.002 0.003 0.009 0.005 0.004 0.003 0.002 
260 UHA-0306   (15)   :  0.004 0.078 0.782 0.008 0.008 0.081 0.015 0.016 0.005 0.003 
261 UHA-0307    (0)   :  0.004 0.005 0.005 0.005 0.003 0.007 0.004 0.962 0.003 0.003 
262 UHA-0308   (15)   :  0.003 0.008 0.959 0.002 0.007 0.005 0.003 0.007 0.003 0.004 
263 UHA-0309    (0)   :  0.006 0.012 0.005 0.002 0.004 0.007 0.007 0.951 0.002 0.005 
264 UHA-0310    (0)   :  0.008 0.018 0.022 0.003 0.010 0.064 0.007 0.862 0.002 0.002 
265 UHA-0311    (0)   :  0.003 0.003 0.002 0.002 0.005 0.012 0.004 0.003 0.002 0.965 
266 UHA-0312    (7)   :  0.004 0.009 0.912 0.004 0.005 0.005 0.004 0.045 0.002 0.010 
267 UHA-0313    (0)   :  0.005 0.021 0.815 0.004 0.005 0.018 0.009 0.107 0.002 0.014 
268 UHA-0314   (23)   :  0.007 0.004 0.003 0.009 0.004 0.007 0.008 0.004 0.007 0.947 
269 UHA-0316    (0)   :  0.004 0.027 0.011 0.011 0.007 0.079 0.010 0.840 0.007 0.005 
270 UHA-0317    (7)   :  0.015 0.050 0.006 0.082 0.006 0.619 0.009 0.188 0.007 0.019 
271 UHA-0318    (7)   :  0.004 0.528 0.025 0.003 0.006 0.016 0.009 0.403 0.003 0.003 
272 UHA-0319    (0)   :  0.004 0.003 0.002 0.002 0.005 0.004 0.002 0.005 0.002 0.971 
273 UHA-0320    (0)   :  0.004 0.003 0.004 0.005 0.005 0.006 0.004 0.003 0.056 0.910 
274 UHA-0321    (7)   :  0.002 0.095 0.854 0.003 0.005 0.006 0.019 0.009 0.004 0.003 
275 UHA-0322    (0)   :  0.007 0.009 0.013 0.005 0.014 0.005 0.004 0.926 0.008 0.009 
276 UHA-0323    (0)   :  0.008 0.008 0.012 0.003 0.022 0.013 0.010 0.006 0.003 0.914 
277 UHA-0324    (7)   :  0.008 0.004 0.004 0.005 0.003 0.005 0.006 0.005 0.015 0.945 
278 UHA-0325    (0)   :  0.004 0.004 0.002 0.007 0.005 0.003 0.005 0.003 0.002 0.965 
279 UHA-0326    (0)   :  0.003 0.007 0.009 0.002 0.003 0.009 0.003 0.008 0.004 0.952 
280 UHA-0327    (7)   :  0.004 0.003 0.003 0.002 0.003 0.004 0.004 0.005 0.004 0.967 
281 UHA-0329    (0)   :  0.008 0.324 0.457 0.002 0.023 0.024 0.050 0.104 0.003 0.006 
282 UHA-0330    (0)   :  0.007 0.804 0.080 0.003 0.005 0.046 0.022 0.025 0.002 0.005 
283 UHA-0331   (23)   :  0.011 0.005 0.003 0.005 0.004 0.004 0.007 0.005 0.006 0.951 
284 UHA-0332    (0)   :  0.003 0.007 0.006 0.003 0.006 0.922 0.004 0.044 0.004 0.002 
285 UHA-0333    (0)   :  0.003 0.004 0.003 0.002 0.003 0.003 0.006 0.004 0.002 0.971 
286 UHA-0334    (0)   :  0.010 0.009 0.004 0.005 0.004 0.004 0.012 0.003 0.002 0.948 
287 UHA-0335   (15)   :  0.004 0.798 0.129 0.003 0.006 0.019 0.009 0.026 0.003 0.003 
288 UHA-0337    (0)   :  0.005 0.299 0.021 0.004 0.030 0.015 0.006 0.611 0.005 0.004 
289 UHA-0338    (7)   :  0.014 0.012 0.007 0.006 0.004 0.010 0.111 0.030 0.005 0.801 
290 UHA-0339    (0)   :  0.010 0.050 0.019 0.003 0.007 0.004 0.009 0.004 0.002 0.893 
291 UHA-0340    (0)   :  0.008 0.441 0.046 0.010 0.098 0.213 0.123 0.048 0.007 0.006 
292 UHA-0343    (0)   :  0.336 0.011 0.004 0.006 0.003 0.030 0.008 0.107 0.003 0.492 
293 UHA-0345    (0)   :  0.005 0.008 0.049 0.002 0.003 0.901 0.006 0.010 0.014 0.002 
294 UHA-0346    (7)   :  0.014 0.230 0.080 0.003 0.010 0.549 0.023 0.073 0.002 0.016 
295 UHA-0347    (7)   :  0.004 0.219 0.230 0.003 0.008 0.137 0.016 0.352 0.028 0.003 
296 UHA-0348    (0)   :  0.003 0.012 0.005 0.003 0.013 0.010 0.003 0.944 0.004 0.003 
297 UHA-0349   (23)   :  0.008 0.007 0.084 0.007 0.006 0.344 0.005 0.532 0.004 0.004 
298 UHA-0350    (0)   :  0.003 0.003 0.004 0.003 0.002 0.004 0.003 0.003 0.004 0.972 
299 UHA-0354    (0)   :  0.007 0.034 0.064 0.005 0.185 0.044 0.187 0.454 0.005 0.016 
300 UHA-0352    (7)   :  0.004 0.168 0.012 0.002 0.007 0.720 0.004 0.076 0.002 0.004 
301 UHA-0353    (7)   :  0.026 0.058 0.304 0.002 0.023 0.126 0.006 0.445 0.004 0.006 
302 UHA-0172    (0)   :  0.004 0.005 0.004 0.002 0.965 0.007 0.003 0.007 0.002 0.003 
303 UHA-0174    (0)   :  0.029 0.025 0.025 0.008 0.207 0.204 0.029 0.452 0.007 0.013 
304 UHA-0175    (0)   :  0.003 0.055 0.265 0.006 0.011 0.532 0.021 0.096 0.008 0.002 
305 UHA-0176    (0)   :  0.002 0.004 0.003 0.004 0.005 0.002 0.003 0.003 0.010 0.964 
306 UHA-0177    (7)   :  0.037 0.642 0.049 0.011 0.008 0.038 0.081 0.119 0.007 0.007 
307 UHA-0178    (0)   :  0.003 0.004 0.006 0.003 0.007 0.002 0.003 0.003 0.010 0.960 
308 UHA-0179    (7)   :  0.004 0.010 0.013 0.002 0.699 0.008 0.238 0.006 0.004 0.016 
309 UHA-0189    (0)   :  0.002 0.004 0.003 0.009 0.004 0.003 0.005 0.004 0.006 0.961 
310 UHA-0190    (0)   :  0.004 0.003 0.003 0.004 0.005 0.003 0.005 0.003 0.003 0.967 
311 UHA-0199    (7)   :  0.028 0.010 0.011 0.004 0.911 0.008 0.008 0.008 0.005 0.008 
312 UHA-0276    (0)   :  0.962 0.003 0.003 0.002 0.008 0.003 0.007 0.004 0.002 0.006 
313 UHA-0277    (7)   :  0.953 0.003 0.004 0.002 0.003 0.006 0.004 0.004 0.002 0.019 
314 UHA-0203    (7)   :  0.003 0.002 0.003 0.002 0.977 0.002 0.004 0.002 0.002 0.003 
315 UHA-0204    (0)   :  0.003 0.005 0.004 0.002 0.963 0.004 0.004 0.007 0.005 0.004 
316 UHA-0234    (0)   :  0.005 0.337 0.024 0.003 0.017 0.308 0.005 0.290 0.003 0.008 
317 UHA-0235    (0)   :  0.004 0.012 0.015 0.004 0.043 0.861 0.008 0.044 0.005 0.004 
318 UHA-0236    (0)   :  0.026 0.073 0.032 0.003 0.587 0.028 0.043 0.098 0.012 0.099 
319 UHA-0268    (0)   :  0.023 0.034 0.053 0.331 0.005 0.031 0.102 0.011 0.407 0.004 
320 UHA-0269    (0)   :  0.052 0.006 0.006 0.023 0.003 0.005 0.820 0.016 0.059 0.009 
321 UHA-0270    (7)   :  0.021 0.243 0.026 0.083 0.006 0.015 0.114 0.097 0.156 0.239 
322 UHA-0271    (0)   :  0.008 0.080 0.016 0.108 0.022 0.020 0.031 0.009 0.338 0.368 
323 UHA-0272    (0)   :  0.004 0.216 0.011 0.578 0.030 0.006 0.030 0.111 0.007 0.008 
324 UHA-0355    (7)   :  0.035 0.495 0.089 0.003 0.015 0.137 0.026 0.194 0.002 0.003 
325 UHA-0356    (0)   :  0.003 0.007 0.009 0.024 0.006 0.017 0.012 0.857 0.061 0.004 
326 UHA-0357    (0)   :  0.011 0.841 0.008 0.005 0.004 0.007 0.004 0.108 0.002 0.010 
327 UHA-0358    (0)   :  0.003 0.815 0.072 0.003 0.007 0.046 0.012 0.027 0.012 0.003 
328 UHA-0359    (0)   :  0.068 0.014 0.052 0.004 0.009 0.041 0.010 0.760 0.014 0.027 
329 UHA-0361   (23)   :  0.015 0.014 0.011 0.012 0.008 0.078 0.005 0.848 0.003 0.008 
330 UHA-0362    (0)   :  0.004 0.023 0.224 0.015 0.006 0.340 0.004 0.368 0.006 0.008 
331 UHA-0363   (15)   :  0.003 0.372 0.079 0.007 0.025 0.038 0.009 0.455 0.006 0.006 
332 UHA-0379    (0)   :  0.003 0.002 0.002 0.039 0.003 0.002 0.003 0.003 0.080 0.863 
333 UHA-0365    (0)   :  0.003 0.007 0.006 0.004 0.004 0.004 0.002 0.964 0.002 0.003 
334 UHA-0366    (0)   :  0.007 0.023 0.041 0.011 0.009 0.008 0.047 0.828 0.021 0.005 
335 UHA-0367    (0)   :  0.024 0.023 0.006 0.005 0.008 0.009 0.006 0.007 0.005 0.906 
336 UHA-0368    (0)   :  0.003 0.003 0.003 0.004 0.005 0.003 0.010 0.003 0.002 0.965 
337 UHA-0369    (0)   :  0.002 0.002 0.002 0.002 0.002 0.002 0.002 0.002 0.003 0.980 
338 UHA-0370    (7)   :  0.004 0.008 0.005 0.003 0.011 0.005 0.008 0.009 0.003 0.944 
339 UHA-0371    (7)   :  0.006 0.004 0.013 0.110 0.003 0.005 0.009 0.006 0.006 0.840 
340 UHA-0372    (7)   :  0.005 0.019 0.009 0.007 0.015 0.013 0.004 0.909 0.014 0.004 
341 UHA-0373   (15)   :  0.005 0.006 0.031 0.002 0.003 0.914 0.018 0.017 0.002 0.003 
342 UHA-0374    (0)   :  0.017 0.025 0.358 0.002 0.084 0.122 0.133 0.250 0.005 0.005 
343 UHA-0375    (0)   :  0.003 0.005 0.006 0.003 0.006 0.955 0.007 0.007 0.004 0.004 
344 UHA-0376    (0)   :  0.002 0.020 0.899 0.002 0.015 0.034 0.005 0.016 0.004 0.003 
345 UHA-0377    (0)   :  0.003 0.003 0.002 0.002 0.003 0.003 0.004 0.003 0.003 0.975 
346 UHA-0378    (0)   :  0.003 0.002 0.004 0.004 0.003 0.004 0.003 0.003 0.004 0.970 
347 UHA-0380    (7)   :  0.005 0.008 0.014 0.004 0.004 0.006 0.024 0.008 0.008 0.918 
348 UHA-0381    (0)   :  0.004 0.006 0.003 0.002 0.004 0.004 0.025 0.004 0.003 0.945 
349 UHA-0382    (0)   :  0.005 0.003 0.003 0.003 0.008 0.003 0.008 0.003 0.002 0.963 
350 UHA-0383   (15)   :  0.011 0.011 0.009 0.009 0.057 0.004 0.013 0.006 0.003 0.877 
351 UHA-0384    (7)   :  0.004 0.009 0.011 0.002 0.002 0.011 0.007 0.006 0.003 0.945 
352 UHA-0385    (0)   :  0.004 0.018 0.005 0.002 0.004 0.004 0.006 0.004 0.002 0.951 
353 UHA-0386    (7)   :  0.002 0.003 0.002 0.002 0.002 0.002 0.003 0.002 0.002 0.979 
354 UHA-0387    (0)   :  0.003 0.007 0.005 0.002 0.002 0.004 0.003 0.008 0.002 0.965 
355 UHA-0388    (0)   :  0.002 0.003 0.007 0.004 0.002 0.003 0.004 0.006 0.006 0.963 
356 UHA-0389    (7)   :  0.005 0.007 0.005 0.003 0.005 0.011 0.003 0.005 0.003 0.952 
357 UHA-0390    (0)   :  0.002 0.003 0.003 0.003 0.002 0.003 0.003 0.002 0.003 0.977 
358 UHA-0391    (0)   :  0.122 0.003 0.004 0.004 0.002 0.005 0.012 0.006 0.004 0.838 
359 UHA-0392    (0)   :  0.004 0.002 0.002 0.037 0.003 0.002 0.003 0.003 0.068 0.876 
360 UHA-0393    (0)   :  0.009 0.004 0.003 0.005 0.003 0.003 0.007 0.005 0.006 0.954 
361 UHA-0394    (0)   :  0.005 0.043 0.009 0.003 0.007 0.006 0.017 0.014 0.002 0.895 
362 UHA-0395    (7)   :  0.007 0.879 0.029 0.004 0.004 0.048 0.006 0.008 0.006 0.009 
363 UHA-0396    (0)   :  0.010 0.887 0.025 0.004 0.005 0.048 0.007 0.006 0.003 0.007 
364 UHA-0397    (7)   :  0.021 0.038 0.680 0.005 0.039 0.032 0.006 0.149 0.012 0.018 
365 UHA-0398    (0)   :  0.008 0.125 0.133 0.017 0.009 0.059 0.549 0.060 0.034 0.005 
366 UHA-0399    (7)   :  0.003 0.928 0.019 0.003 0.005 0.010 0.006 0.019 0.002 0.005 
367 UHA-0400    (0)   :  0.004 0.008 0.010 0.003 0.003 0.031 0.002 0.932 0.003 0.002 
368 UHA-0401   (15)   :  0.007 0.778 0.012 0.005 0.005 0.157 0.009 0.014 0.004 0.008 
369 UHA-0402   (23)   :  0.004 0.549 0.196 0.005 0.006 0.030 0.010 0.187 0.003 0.009 
370 UHA-0404    (0)   :  0.003 0.022 0.009 0.003 0.003 0.003 0.005 0.003 0.013 0.936 
371 UHA-0405    (0)   :  0.011 0.780 0.048 0.006 0.023 0.055 0.011 0.021 0.004 0.040 
372 UHA-0406    (0)   :  0.003 0.006 0.007 0.002 0.003 0.968 0.002 0.005 0.003 0.002 
373 UHA-0407    (0)   :  0.005 0.069 0.651 0.005 0.003 0.045 0.004 0.213 0.002 0.003 
374 UHA-0408    (0)   :  0.003 0.003 0.004 0.002 0.002 0.003 0.003 0.003 0.002 0.975 
375 UHA-0409    (0)   :  0.003 0.830 0.018 0.019 0.003 0.041 0.004 0.075 0.006 0.002 
376 UHA-0410    (0)   :  0.004 0.003 0.017 0.002 0.003 0.004 0.005 0.011 0.002 0.949 
377 UHA-0411    (7)   :  0.003 0.908 0.024 0.003 0.004 0.020 0.003 0.030 0.002 0.002 
378 UHA-0412    (0)   :  0.004 0.003 0.018 0.002 0.003 0.004 0.005 0.012 0.003 0.949 
379 UHA-0413    (0)   :  0.003 0.039 0.009 0.002 0.004 0.873 0.007 0.009 0.013 0.041 
380 UHA-0414    (0)   :  0.002 0.005 0.004 0.002 0.004 0.004 0.003 0.005 0.002 0.970 
381 UHA-0415    (0)   :  0.003 0.003 0.003 0.002 0.003 0.003 0.003 0.003 0.002 0.976 
382 UHA-0416    (0)   :  0.012 0.006 0.005 0.003 0.002 0.005 0.007 0.004 0.004 0.951 
383 UHA-0417    (0)   :  0.003 0.004 0.010 0.100 0.003 0.004 0.009 0.005 0.057 0.805 
384 UHA-0418    (0)   :  0.002 0.002 0.002 0.002 0.003 0.002 0.003 0.002 0.003 0.979 
385 UHA-0419    (0)   :  0.004 0.002 0.004 0.002 0.004 0.004 0.004 0.003 0.002 0.971 
386 UHA-0420    (0)   :  0.005 0.064 0.014 0.003 0.004 0.868 0.003 0.034 0.004 0.002 
387 UHA-0421    (0)   :  0.010 0.010 0.006 0.004 0.005 0.012 0.009 0.923 0.008 0.011 
388 UHA-0422    (0)   :  0.023 0.023 0.022 0.011 0.004 0.035 0.014 0.079 0.004 0.784 
389 UHA-0423    (0)   :  0.008 0.007 0.005 0.003 0.003 0.004 0.003 0.005 0.003 0.958 
390 UHA-0424    (0)   :  0.008 0.123 0.622 0.002 0.060 0.018 0.007 0.142 0.004 0.014 
391 UHA-0425    (0)   :  0.003 0.009 0.009 0.018 0.003 0.014 0.006 0.909 0.027 0.002 
392 UHA-0461    (0)   :  0.003 0.026 0.796 0.008 0.023 0.026 0.025 0.079 0.006 0.009 
393 UHA-0462    (7)   :  0.005 0.426 0.262 0.003 0.004 0.274 0.005 0.010 0.008 0.003 
394 UHA-0463    (7)   :  0.002 0.005 0.004 0.002 0.003 0.970 0.002 0.007 0.002 0.002 
395 UHA-0464    (0)   :  0.002 0.007 0.004 0.003 0.003 0.961 0.003 0.010 0.004 0.003 
396 UHA-0465    (0)   :  0.003 0.010 0.018 0.027 0.004 0.837 0.008 0.026 0.065 0.003 
397 UHA-0466    (0)   :  0.004 0.347 0.155 0.002 0.028 0.040 0.005 0.413 0.002 0.004 
398 UHA-0467    (7)   :  0.005 0.265 0.105 0.004 0.014 0.038 0.005 0.559 0.004 0.003 
399 UHA-0468    (0)   :  0.004 0.024 0.845 0.008 0.013 0.053 0.015 0.014 0.020 0.004 
400 UHA-0469    (0)   :  0.004 0.029 0.039 0.007 0.013 0.709 0.028 0.162 0.005 0.004 
401 UHA-0470    (0)   :  0.004 0.017 0.009 0.003 0.004 0.009 0.006 0.937 0.004 0.008 
402 UHA-0471    (0)   :  0.003 0.009 0.074 0.002 0.023 0.013 0.006 0.865 0.002 0.003 
403 UHA-0472    (7)   :  0.006 0.695 0.014 0.003 0.005 0.209 0.005 0.059 0.002 0.003 
404 UHA-0473    (0)   :  0.004 0.763 0.159 0.007 0.010 0.019 0.012 0.013 0.011 0.003 
405 UHA-0474    (0)   :  0.004 0.183 0.023 0.003 0.063 0.618 0.018 0.077 0.005 0.006 
406 UHA-0475    (0)   :  0.002 0.036 0.023 0.002 0.007 0.890 0.003 0.032 0.002 0.002 
407 UHA-0180    (0)   :  0.004 0.610 0.351 0.003 0.003 0.008 0.004 0.011 0.003 0.002 
408 UHA-0181    (0)   :  0.023 0.024 0.281 0.004 0.004 0.262 0.008 0.385 0.006 0.003 
409 UHA-0182    (7)   :  0.280 0.022 0.009 0.006 0.028 0.034 0.006 0.608 0.004 0.002 
410 UHA-0278    (0)   :  0.973 0.002 0.002 0.005 0.002 0.002 0.002 0.004 0.005 0.002 
411 UHA-0279    (0)   :  0.003 0.006 0.004 0.002 0.011 0.005 0.004 0.005 0.002 0.959 
412 UHA-0280    (0)   :  0.004 0.029 0.358 0.002 0.010 0.187 0.005 0.397 0.003 0.005 
413 UHA-0291    (0)   :  0.002 0.002 0.002 0.003 0.003 0.002 0.002 0.002 0.002 0.981 
414 UHA-0315    (0)   :  0.012 0.042 0.069 0.005 0.356 0.113 0.032 0.309 0.021 0.041 
415 UHA-0328    (0)   :  0.004 0.039 0.879 0.001 0.004 0.057 0.003 0.007 0.003 0.003 
416 UHA-0344    (0)   :  0.003 0.032 0.006 0.002 0.005 0.906 0.005 0.038 0.002 0.002 
417 UHA-0351    (0)   :  0.002 0.003 0.004 0.966 0.002 0.004 0.003 0.003 0.010 0.003 


Estimated Allele Frequencies in each cluster
First column gives estimated ancestral frequencies


Locus 1 : 
10 alleles
1.9% missing data
   4   (0.166) 0.517 0.059 0.510 0.054 0.023 0.065 0.103 0.099 0.515 0.395 
   3   (0.579) 0.394 0.671 0.420 0.728 0.317 0.740 0.741 0.692 0.473 0.448 
   2   (0.116) 0.047 0.184 0.031 0.080 0.061 0.174 0.066 0.050 0.010 0.122 
   9   (0.016) 0.003 0.002 0.002 0.137 0.002 0.002 0.005 0.002 0.001 0.000 
   8   (0.013) 0.010 0.002 0.002 0.000 0.002 0.002 0.020 0.004 0.001 0.000 
   5   (0.046) 0.015 0.032 0.010 0.000 0.588 0.008 0.017 0.143 0.000 0.001 
  10   (0.014) 0.003 0.002 0.002 0.000 0.002 0.002 0.031 0.002 0.000 0.000 
   7   (0.017) 0.003 0.030 0.016 0.000 0.002 0.002 0.005 0.003 0.000 0.000 
   6   (0.016) 0.003 0.002 0.002 0.000 0.002 0.002 0.005 0.002 0.000 0.027 
   1   (0.018) 0.005 0.016 0.004 0.000 0.002 0.003 0.007 0.003 0.000 0.004 

Locus 2 : 
20 alleles
1.0% missing data
