

----------------------------------------------------
STRUCTURE by Pritchard, Stephens and Donnelly (2000)
     and Falush, Stephens and Pritchard (2003)
       Code by Pritchard, Falush and Hubisz
             Version 2.3.4 (Jul 2012)
----------------------------------------------------



Command line arguments:   bin\structure -m C:\Users\eschumacher\Documents\GitHub\USBGHybridAcornsREU2023\Analysis\STRUCTURE\All_Loci\UHA_all_loci_nopop\200-200\mainparams -e C:\Users\eschumacher\Documents\GitHub\USBGHybridAcornsREU2023\Analysis\STRUCTURE\All_Loci\UHA_all_loci_nopop\200-200\extraparams 
Input File:    C:\Users\eschumacher\Documents\GitHub\USBGHybridAcornsREU2023\Analysis\STRUCTURE\All_Loci\UHA_all_loci_nopop\project_data

Run parameters:
   417 individuals
   13 loci
   11 populations assumed
   200000 Burn-in period
   200000 Reps


--------------------------------------------
Overall proportion of membership of the
sample in each of the 11 clusters

Inferred Clusters
  1      2      3      4      5      6      7      8      9     10     11    
0.031  0.176  0.206  0.053  0.052  0.209  0.018  0.054  0.071  0.062  0.069  

--------------------------------------------

Allele-freq. divergence among pops (Net nucleotide distance),
computed using point estimates of P.

      1       2       3       4       5       6       7       8       9      10      11      
 1      -    0.1342  0.1476  0.0874  0.0749  0.1344  0.1221  0.0821  0.0713  0.0710  0.0714  
 2   0.1342     -    0.2110  0.2131  0.1725  0.2021  0.1889  0.1871  0.1793  0.2040  0.1823  
 3   0.1476  0.2110     -    0.2369  0.1859  0.0889  0.2288  0.2236  0.1898  0.2141  0.1862  
 4   0.0874  0.2131  0.2369     -    0.0449  0.1847  0.1640  0.1265  0.0402  0.0477  0.0520  
 5   0.0749  0.1725  0.1859  0.0449     -    0.1848  0.1348  0.1187  0.0237  0.0444  0.0304  
 6   0.1344  0.2021  0.0889  0.1847  0.1848     -    0.2358  0.2038  0.1908  0.1800  0.1925  
 7   0.1221  0.1889  0.2288  0.1640  0.1348  0.2358     -    0.1880  0.1455  0.1659  0.1306  
 8   0.0821  0.1871  0.2236  0.1265  0.1187  0.2038  0.1880     -    0.1142  0.1301  0.1195  
 9   0.0713  0.1793  0.1898  0.0402  0.0237  0.1908  0.1455  0.1142     -    0.0432  0.0238  
10   0.0710  0.2040  0.2141  0.0477  0.0444  0.1800  0.1659  0.1301  0.0432     -    0.0398  
11   0.0714  0.1823  0.1862  0.0520  0.0304  0.1925  0.1306  0.1195  0.0238  0.0398     -    

Average distances (expected heterozygosity) between individuals in same cluster:
cluster  1  : 0.7569 
cluster  2  : 0.4984 
cluster  3  : 0.5232 
cluster  4  : 0.6680 
cluster  5  : 0.6964 
cluster  6  : 0.5381 
cluster  7  : 0.7014 
cluster  8  : 0.6492 
cluster  9  : 0.6703 
cluster 10  : 0.6767 
cluster 11  : 0.7007 

--------------------------------------------
Estimated Ln Prob of Data   = -14987.4
Mean value of ln likelihood = -14318.4
Variance of ln likelihood   = 1337.8
Mean value of alpha         = 0.0313

Mean value of Fst_1         = 0.1086
Mean value of Fst_2         = 0.2057
Mean value of Fst_3         = 0.4196
Mean value of Fst_4         = 0.1337
Mean value of Fst_5         = 0.1068
Mean value of Fst_6         = 0.3771
Mean value of Fst_7         = 0.2636
Mean value of Fst_8         = 0.1719
Mean value of Fst_9         = 0.1078
Mean value of Fst_10         = 0.1185
Mean value of Fst_11         = 0.0907


Inferred ancestry of individuals:
        Label (%Miss) :  Inferred clusters
  1 UHA-0126    (0)   :  0.006 0.008 0.004 0.004 0.004 0.935 0.016 0.003 0.004 0.010 0.006 
  2 UHA-0127   (15)   :  0.003 0.003 0.009 0.002 0.002 0.969 0.002 0.002 0.002 0.002 0.003 
  3 UHA-0135    (0)   :  0.003 0.007 0.880 0.004 0.004 0.086 0.003 0.002 0.003 0.003 0.004 
  4 UHA-0166    (0)   :  0.025 0.004 0.105 0.006 0.085 0.729 0.005 0.014 0.010 0.010 0.008 
  5 UHA-0169    (0)   :  0.276 0.010 0.010 0.006 0.008 0.656 0.007 0.004 0.008 0.005 0.009 
  6 UHA-0058    (7)   :  0.003 0.003 0.964 0.003 0.002 0.012 0.002 0.003 0.002 0.003 0.002 
  7 UHA-0020    (0)   :  0.002 0.002 0.980 0.002 0.002 0.004 0.001 0.002 0.002 0.002 0.002 
  8 UHA-0023   (15)   :  0.002 0.002 0.967 0.002 0.002 0.012 0.002 0.002 0.002 0.002 0.002 
  9 UHA-0025    (0)   :  0.003 0.004 0.965 0.004 0.003 0.004 0.004 0.002 0.004 0.003 0.004 
 10 UHA-0026    (7)   :  0.003 0.003 0.947 0.003 0.004 0.025 0.002 0.003 0.003 0.005 0.003 
 11 UHA-0027    (0)   :  0.002 0.002 0.976 0.002 0.002 0.004 0.002 0.002 0.002 0.002 0.003 
 12 UHA-0028    (0)   :  0.002 0.002 0.979 0.002 0.002 0.004 0.002 0.002 0.002 0.002 0.002 
 13 UHA-0099    (0)   :  0.003 0.013 0.958 0.004 0.004 0.004 0.003 0.003 0.004 0.003 0.003 
 14 UHA-0029    (0)   :  0.002 0.003 0.977 0.002 0.003 0.004 0.002 0.002 0.002 0.002 0.002 
 15 UHA-0043   (15)   :  0.004 0.004 0.962 0.003 0.003 0.010 0.002 0.003 0.004 0.003 0.003 
 16 UHA-0045    (0)   :  0.002 0.002 0.973 0.002 0.002 0.008 0.002 0.002 0.002 0.003 0.002 
 17 UHA-0047    (0)   :  0.004 0.009 0.958 0.003 0.003 0.009 0.002 0.003 0.003 0.003 0.002 
 18 UHA-0050    (0)   :  0.009 0.003 0.883 0.006 0.008 0.064 0.002 0.005 0.004 0.013 0.004 
 19 UHA-0052    (0)   :  0.005 0.004 0.923 0.003 0.005 0.009 0.022 0.003 0.003 0.007 0.016 
 20 UHA-0056    (7)   :  0.003 0.014 0.458 0.004 0.005 0.496 0.003 0.002 0.006 0.005 0.004 
 21 UHA-0068    (7)   :  0.003 0.004 0.007 0.003 0.002 0.967 0.002 0.003 0.002 0.003 0.003 
 22 UHA-0070    (0)   :  0.002 0.003 0.003 0.002 0.002 0.977 0.002 0.002 0.002 0.002 0.002 
 23 UHA-0071    (7)   :  0.002 0.002 0.004 0.003 0.002 0.975 0.002 0.002 0.003 0.002 0.002 
 24 UHA-0075   (15)   :  0.004 0.004 0.168 0.008 0.026 0.763 0.003 0.004 0.007 0.004 0.010 
 25 UHA-0077    (0)   :  0.002 0.002 0.009 0.002 0.002 0.971 0.002 0.002 0.003 0.002 0.002 
 26 UHA-0079    (0)   :  0.003 0.002 0.004 0.002 0.002 0.977 0.001 0.002 0.002 0.003 0.002 
 27 UHA-0080    (7)   :  0.004 0.005 0.003 0.021 0.018 0.906 0.003 0.003 0.013 0.014 0.010 
 28 UHA-0081    (7)   :  0.002 0.002 0.005 0.002 0.002 0.976 0.002 0.002 0.002 0.002 0.002 
 29 UHA-0093   (15)   :  0.002 0.004 0.004 0.002 0.002 0.975 0.002 0.002 0.002 0.002 0.002 
 30 UHA-0094    (0)   :  0.003 0.002 0.005 0.002 0.002 0.974 0.002 0.002 0.002 0.003 0.002 
 31 UHA-0095    (0)   :  0.005 0.003 0.007 0.003 0.002 0.969 0.002 0.002 0.003 0.003 0.002 
 32 UHA-0096   (23)   :  0.004 0.003 0.020 0.003 0.003 0.952 0.002 0.003 0.004 0.003 0.003 
 33 UHA-0097    (7)   :  0.005 0.002 0.005 0.002 0.002 0.972 0.002 0.002 0.002 0.003 0.002 
 34 UHA-0098    (0)   :  0.002 0.003 0.978 0.002 0.002 0.004 0.002 0.002 0.002 0.002 0.002 
 35 UHA-0101   (15)   :  0.004 0.007 0.967 0.003 0.003 0.003 0.002 0.002 0.003 0.003 0.003 
 36 UHA-0105    (0)   :  0.002 0.002 0.977 0.002 0.002 0.003 0.002 0.002 0.003 0.002 0.002 
 37 UHA-0109    (0)   :  0.002 0.004 0.973 0.002 0.003 0.003 0.002 0.002 0.003 0.002 0.002 
 38 UHA-0111    (0)   :  0.002 0.003 0.968 0.003 0.002 0.009 0.004 0.002 0.002 0.002 0.003 
 39 UHA-0112    (7)   :  0.003 0.003 0.003 0.004 0.004 0.970 0.002 0.003 0.003 0.004 0.002 
 40 UHA-0298    (0)   :  0.003 0.003 0.955 0.003 0.003 0.019 0.002 0.002 0.003 0.004 0.003 
 41 UHA-0021    (0)   :  0.006 0.002 0.959 0.005 0.005 0.004 0.003 0.002 0.003 0.004 0.007 
 42 UHA-0022    (0)   :  0.002 0.002 0.979 0.002 0.002 0.004 0.002 0.002 0.002 0.002 0.002 
 43 UHA-0048    (0)   :  0.002 0.002 0.979 0.002 0.002 0.003 0.002 0.002 0.002 0.002 0.002 
 44 UHA-0049    (0)   :  0.002 0.002 0.977 0.002 0.002 0.006 0.002 0.002 0.002 0.002 0.002 
 45 UHA-0053    (0)   :  0.002 0.002 0.974 0.002 0.002 0.006 0.002 0.002 0.002 0.003 0.002 
 46 UHA-0054    (0)   :  0.002 0.002 0.976 0.002 0.002 0.005 0.002 0.002 0.002 0.003 0.003 
 47 UHA-0055    (0)   :  0.003 0.002 0.744 0.003 0.003 0.218 0.013 0.004 0.002 0.003 0.003 
 48 UHA-0069    (0)   :  0.002 0.002 0.003 0.002 0.002 0.978 0.002 0.002 0.002 0.002 0.002 
 49 UHA-0072    (0)   :  0.003 0.003 0.012 0.003 0.003 0.965 0.002 0.002 0.003 0.002 0.002 
 50 UHA-0073    (0)   :  0.002 0.002 0.003 0.002 0.002 0.978 0.002 0.002 0.002 0.002 0.002 
 51 UHA-0074    (0)   :  0.005 0.010 0.577 0.004 0.004 0.383 0.004 0.003 0.003 0.004 0.004 
 52 UHA-0076    (0)   :  0.002 0.002 0.005 0.002 0.002 0.977 0.002 0.002 0.002 0.002 0.002 
 53 UHA-0100    (0)   :  0.003 0.010 0.952 0.006 0.003 0.010 0.004 0.003 0.004 0.002 0.003 
 54 UHA-0102    (0)   :  0.002 0.002 0.977 0.002 0.002 0.004 0.002 0.002 0.002 0.002 0.002 
 55 UHA-0106    (0)   :  0.002 0.002 0.978 0.002 0.002 0.004 0.002 0.002 0.002 0.002 0.002 
 56 UHA-0110    (0)   :  0.003 0.008 0.961 0.003 0.003 0.010 0.003 0.002 0.003 0.002 0.003 
 57 UHA-0036    (7)   :  0.002 0.003 0.976 0.002 0.003 0.004 0.002 0.002 0.002 0.002 0.002 
 58 UHA-0037    (0)   :  0.011 0.004 0.906 0.010 0.010 0.027 0.003 0.005 0.007 0.011 0.007 
 59 UHA-0038    (0)   :  0.005 0.002 0.849 0.006 0.005 0.113 0.002 0.003 0.004 0.007 0.004 
 60 UHA-0089    (0)   :  0.002 0.002 0.003 0.002 0.002 0.979 0.002 0.002 0.002 0.002 0.002 
 61 UHA-0040    (0)   :  0.002 0.003 0.915 0.003 0.004 0.060 0.002 0.002 0.003 0.004 0.002 
 62 UHA-0041    (0)   :  0.002 0.002 0.977 0.002 0.002 0.005 0.002 0.002 0.002 0.002 0.002 
 63 UHA-0090    (0)   :  0.002 0.002 0.004 0.002 0.002 0.977 0.002 0.002 0.002 0.003 0.002 
 64 UHA-0059    (0)   :  0.002 0.002 0.982 0.002 0.002 0.003 0.001 0.002 0.002 0.002 0.002 
 65 UHA-0063    (0)   :  0.003 0.960 0.004 0.003 0.006 0.009 0.002 0.006 0.003 0.002 0.003 
 66 UHA-0082    (0)   :  0.003 0.002 0.006 0.002 0.002 0.975 0.001 0.002 0.002 0.002 0.002 
 67 UHA-0083    (0)   :  0.002 0.003 0.004 0.002 0.003 0.975 0.002 0.003 0.003 0.002 0.002 
 68 UHA-0084    (0)   :  0.002 0.003 0.008 0.003 0.003 0.970 0.002 0.002 0.003 0.002 0.002 
 69 UHA-0085    (0)   :  0.002 0.002 0.005 0.002 0.002 0.976 0.002 0.002 0.002 0.002 0.002 
 70 UHA-0086    (0)   :  0.002 0.002 0.005 0.003 0.003 0.975 0.002 0.002 0.002 0.002 0.002 
 71 UHA-0087    (0)   :  0.002 0.002 0.003 0.003 0.002 0.977 0.002 0.003 0.002 0.002 0.002 
 72 UHA-0088    (0)   :  0.002 0.003 0.005 0.003 0.003 0.973 0.002 0.003 0.003 0.002 0.002 
 73 UHA-0091    (0)   :  0.002 0.003 0.004 0.003 0.003 0.975 0.002 0.002 0.002 0.002 0.002 
 74 UHA-0113    (0)   :  0.002 0.002 0.978 0.002 0.002 0.004 0.002 0.002 0.002 0.002 0.002 
 75 UHA-0114    (7)   :  0.002 0.002 0.978 0.002 0.002 0.004 0.002 0.002 0.002 0.002 0.002 
 76 UHA-0115    (7)   :  0.005 0.029 0.917 0.009 0.005 0.012 0.004 0.003 0.005 0.007 0.004 
 77 UHA-0116    (0)   :  0.002 0.002 0.974 0.002 0.002 0.005 0.002 0.002 0.002 0.003 0.002 
 78 UHA-0118    (0)   :  0.002 0.002 0.978 0.002 0.002 0.005 0.002 0.002 0.002 0.002 0.002 
 79 UHA-0119    (0)   :  0.003 0.004 0.974 0.002 0.002 0.004 0.002 0.002 0.002 0.002 0.002 
 80 UHA-0120    (0)   :  0.002 0.002 0.974 0.002 0.002 0.005 0.002 0.002 0.003 0.002 0.003 
 81 UHA-0121    (0)   :  0.002 0.002 0.980 0.002 0.002 0.004 0.002 0.002 0.002 0.002 0.002 
 82 UHA-0122    (0)   :  0.002 0.004 0.976 0.002 0.002 0.003 0.002 0.002 0.002 0.002 0.002 
 83 UHA-0123    (0)   :  0.003 0.002 0.079 0.002 0.002 0.901 0.002 0.002 0.002 0.003 0.003 
 84 UHA-0124    (7)   :  0.003 0.003 0.806 0.003 0.003 0.167 0.002 0.002 0.003 0.004 0.004 
 85 UHA-0125    (0)   :  0.014 0.004 0.224 0.006 0.079 0.639 0.005 0.007 0.007 0.007 0.008 
 86 UHA-0128    (7)   :  0.003 0.005 0.004 0.003 0.002 0.970 0.002 0.002 0.003 0.003 0.003 
 87 UHA-0129    (7)   :  0.002 0.005 0.005 0.002 0.002 0.971 0.002 0.002 0.002 0.002 0.002 
 88 UHA-0130    (0)   :  0.002 0.002 0.005 0.003 0.002 0.974 0.002 0.002 0.002 0.002 0.003 
 89 UHA-0131    (0)   :  0.005 0.006 0.015 0.004 0.068 0.849 0.017 0.007 0.010 0.011 0.009 
 90 UHA-0132    (0)   :  0.005 0.011 0.118 0.003 0.036 0.765 0.032 0.005 0.011 0.006 0.008 
 91 UHA-0133    (7)   :  0.003 0.005 0.034 0.003 0.003 0.937 0.002 0.003 0.003 0.003 0.003 
 92 UHA-0134    (7)   :  0.002 0.002 0.006 0.003 0.003 0.973 0.002 0.002 0.002 0.003 0.003 
 93 UHA-0136    (0)   :  0.002 0.004 0.004 0.002 0.002 0.976 0.002 0.002 0.002 0.002 0.002 
 94 UHA-0137    (0)   :  0.002 0.002 0.004 0.002 0.002 0.978 0.002 0.002 0.002 0.002 0.002 
 95 UHA-0138    (0)   :  0.070 0.018 0.048 0.008 0.008 0.063 0.003 0.008 0.067 0.696 0.009 
 96 UHA-0139    (0)   :  0.003 0.003 0.866 0.004 0.003 0.099 0.002 0.003 0.004 0.009 0.004 
 97 UHA-0140    (0)   :  0.008 0.008 0.483 0.005 0.008 0.413 0.030 0.006 0.004 0.008 0.026 
 98 UHA-0141    (0)   :  0.004 0.009 0.873 0.007 0.005 0.080 0.004 0.003 0.004 0.007 0.004 
 99 UHA-0143    (0)   :  0.002 0.006 0.024 0.002 0.002 0.953 0.002 0.002 0.002 0.002 0.002 
100 UHA-0144    (0)   :  0.002 0.005 0.005 0.002 0.002 0.971 0.002 0.003 0.002 0.002 0.003 
101 UHA-0146    (7)   :  0.003 0.005 0.015 0.010 0.002 0.953 0.003 0.002 0.002 0.002 0.003 
102 UHA-0147    (7)   :  0.003 0.003 0.044 0.003 0.003 0.928 0.002 0.003 0.003 0.003 0.004 
103 UHA-0150    (0)   :  0.004 0.005 0.005 0.004 0.005 0.955 0.004 0.003 0.004 0.006 0.004 
104 UHA-0162    (7)   :  0.061 0.010 0.017 0.039 0.325 0.412 0.031 0.008 0.047 0.016 0.033 
105 UHA-0163    (0)   :  0.004 0.006 0.266 0.005 0.010 0.672 0.006 0.004 0.005 0.009 0.013 
106 UHA-0164   (15)   :  0.004 0.004 0.009 0.004 0.003 0.960 0.002 0.004 0.003 0.004 0.004 
107 UHA-0165    (0)   :  0.003 0.002 0.006 0.002 0.002 0.975 0.001 0.002 0.002 0.002 0.002 
108 UHA-0167   (23)   :  0.011 0.004 0.789 0.006 0.005 0.147 0.003 0.009 0.009 0.010 0.007 
109 UHA-0148    (0)   :  0.016 0.049 0.006 0.003 0.008 0.694 0.005 0.158 0.014 0.027 0.019 
110 UHA-0151    (0)   :  0.006 0.009 0.067 0.009 0.004 0.872 0.003 0.010 0.009 0.004 0.008 
111 UHA-0152    (0)   :  0.002 0.003 0.268 0.002 0.002 0.712 0.002 0.002 0.002 0.002 0.002 
112 UHA-0153    (0)   :  0.002 0.003 0.300 0.002 0.002 0.679 0.002 0.002 0.002 0.002 0.002 
113 UHA-0154    (0)   :  0.003 0.002 0.274 0.003 0.004 0.697 0.003 0.002 0.003 0.003 0.006 
114 UHA-0155    (0)   :  0.003 0.005 0.410 0.004 0.004 0.556 0.003 0.003 0.006 0.002 0.003 
115 UHA-0156    (0)   :  0.203 0.009 0.012 0.006 0.034 0.588 0.053 0.005 0.006 0.009 0.075 
116 UHA-0157    (7)   :  0.002 0.005 0.335 0.004 0.005 0.634 0.002 0.002 0.004 0.002 0.004 
117 UHA-0158    (0)   :  0.007 0.028 0.133 0.009 0.063 0.701 0.015 0.003 0.019 0.008 0.013 
118 UHA-0159    (0)   :  0.011 0.009 0.689 0.020 0.009 0.225 0.005 0.004 0.006 0.016 0.007 
119 UHA-0160    (0)   :  0.005 0.009 0.463 0.005 0.004 0.499 0.005 0.002 0.003 0.003 0.003 
120 UHA-0161    (0)   :  0.004 0.004 0.172 0.004 0.004 0.796 0.004 0.003 0.003 0.004 0.003 
121 UHA-0426    (0)   :  0.005 0.004 0.008 0.028 0.004 0.921 0.003 0.003 0.014 0.004 0.008 
122 UHA-0427    (0)   :  0.003 0.003 0.452 0.003 0.002 0.527 0.002 0.002 0.002 0.003 0.002 
123 UHA-0428    (0)   :  0.003 0.002 0.003 0.002 0.002 0.978 0.002 0.002 0.002 0.002 0.002 
124 UHA-0429    (0)   :  0.013 0.047 0.486 0.041 0.022 0.340 0.009 0.004 0.013 0.015 0.010 
125 UHA-0430    (0)   :  0.003 0.003 0.310 0.002 0.002 0.668 0.002 0.003 0.002 0.002 0.002 
126 UHA-0431    (0)   :  0.006 0.005 0.435 0.003 0.004 0.525 0.004 0.003 0.004 0.006 0.005 
127 UHA-0432    (7)   :  0.006 0.017 0.163 0.094 0.012 0.647 0.005 0.003 0.029 0.012 0.012 
128 UHA-0433    (0)   :  0.002 0.005 0.432 0.003 0.003 0.544 0.002 0.002 0.003 0.002 0.003 
129 UHA-0434    (0)   :  0.008 0.008 0.006 0.011 0.007 0.913 0.003 0.019 0.011 0.007 0.007 
130 UHA-0435    (0)   :  0.005 0.017 0.073 0.004 0.030 0.845 0.005 0.003 0.010 0.006 0.003 
131 UHA-0436    (0)   :  0.002 0.002 0.005 0.003 0.002 0.974 0.002 0.002 0.002 0.002 0.003 
132 UHA-0437    (0)   :  0.002 0.002 0.108 0.002 0.002 0.873 0.002 0.002 0.002 0.002 0.002 
133 UHA-0438    (0)   :  0.003 0.017 0.020 0.012 0.003 0.930 0.003 0.003 0.003 0.002 0.003 
134 UHA-0439    (0)   :  0.002 0.003 0.888 0.003 0.002 0.092 0.002 0.002 0.002 0.002 0.002 
135 UHA-0440    (0)   :  0.002 0.002 0.974 0.002 0.002 0.006 0.002 0.002 0.002 0.002 0.002 
136 UHA-0441    (0)   :  0.002 0.002 0.974 0.002 0.002 0.010 0.002 0.002 0.002 0.002 0.002 
137 UHA-0442    (0)   :  0.002 0.002 0.976 0.002 0.002 0.007 0.002 0.002 0.002 0.002 0.002 
138 UHA-0443    (0)   :  0.003 0.003 0.976 0.002 0.002 0.004 0.002 0.002 0.002 0.002 0.002 
139 UHA-0444    (0)   :  0.003 0.002 0.976 0.002 0.002 0.005 0.002 0.002 0.002 0.002 0.002 
140 UHA-0445    (0)   :  0.002 0.002 0.979 0.002 0.002 0.005 0.002 0.002 0.002 0.002 0.002 
141 UHA-0446    (0)   :  0.003 0.005 0.821 0.030 0.005 0.092 0.003 0.002 0.010 0.010 0.019 
142 UHA-0447    (0)   :  0.003 0.003 0.977 0.002 0.002 0.003 0.002 0.002 0.002 0.002 0.002 
143 UHA-0448    (0)   :  0.002 0.002 0.978 0.002 0.002 0.005 0.002 0.002 0.002 0.002 0.002 
144 UHA-0449    (0)   :  0.002 0.004 0.978 0.002 0.002 0.003 0.002 0.002 0.002 0.002 0.002 
145 UHA-0450    (0)   :  0.003 0.003 0.975 0.002 0.002 0.004 0.002 0.002 0.002 0.002 0.002 
146 UHA-0451    (0)   :  0.003 0.003 0.976 0.002 0.002 0.004 0.002 0.002 0.002 0.002 0.002 
147 UHA-0452    (0)   :  0.002 0.004 0.977 0.002 0.002 0.003 0.002 0.002 0.002 0.002 0.002 
148 UHA-0453    (0)   :  0.002 0.003 0.975 0.002 0.002 0.005 0.002 0.002 0.002 0.002 0.002 
149 UHA-0454    (0)   :  0.002 0.003 0.978 0.002 0.002 0.003 0.002 0.002 0.002 0.002 0.002 
150 UHA-0455    (0)   :  0.002 0.002 0.981 0.002 0.002 0.003 0.001 0.002 0.002 0.002 0.002 
151 UHA-0456    (0)   :  0.003 0.002 0.977 0.002 0.002 0.004 0.002 0.002 0.002 0.002 0.002 
152 UHA-0457    (0)   :  0.003 0.006 0.969 0.002 0.003 0.002 0.004 0.002 0.003 0.003 0.003 
153 UHA-0458    (0)   :  0.003 0.003 0.971 0.003 0.003 0.003 0.004 0.002 0.003 0.003 0.003 
154 UHA-0459    (0)   :  0.003 0.006 0.965 0.003 0.003 0.008 0.003 0.002 0.003 0.002 0.003 
155 UHA-0460    (0)   :  0.002 0.003 0.977 0.002 0.002 0.004 0.002 0.002 0.002 0.002 0.002 
156 UHA-0001    (0)   :  0.003 0.954 0.003 0.002 0.016 0.002 0.003 0.003 0.004 0.006 0.003 
157 UHA-0002    (0)   :  0.040 0.667 0.004 0.034 0.081 0.004 0.005 0.003 0.114 0.029 0.018 
158 UHA-0003    (0)   :  0.012 0.817 0.045 0.012 0.065 0.005 0.002 0.004 0.019 0.006 0.014 
159 UHA-0004    (7)   :  0.003 0.002 0.006 0.007 0.005 0.002 0.002 0.958 0.006 0.003 0.005 
160 UHA-0005    (0)   :  0.010 0.016 0.006 0.004 0.009 0.004 0.004 0.924 0.005 0.012 0.007 
161 UHA-0006    (0)   :  0.008 0.004 0.007 0.019 0.043 0.005 0.005 0.837 0.035 0.029 0.008 
162 UHA-0007    (0)   :  0.005 0.012 0.003 0.025 0.019 0.005 0.005 0.003 0.845 0.060 0.017 
163 UHA-0008    (0)   :  0.005 0.004 0.004 0.004 0.009 0.006 0.004 0.004 0.094 0.848 0.017 
164 UHA-0009    (0)   :  0.008 0.031 0.014 0.003 0.004 0.925 0.004 0.002 0.003 0.004 0.003 
165 UHA-0010    (7)   :  0.003 0.003 0.031 0.003 0.003 0.946 0.002 0.003 0.003 0.003 0.003 
166 UHA-0011    (0)   :  0.003 0.002 0.004 0.002 0.002 0.978 0.002 0.002 0.002 0.002 0.002 
167 UHA-0012    (0)   :  0.004 0.005 0.004 0.004 0.004 0.962 0.004 0.003 0.003 0.004 0.003 
168 UHA-0013    (0)   :  0.004 0.003 0.008 0.005 0.003 0.960 0.002 0.002 0.006 0.003 0.005 
169 UHA-0014    (0)   :  0.002 0.002 0.003 0.003 0.002 0.977 0.002 0.002 0.002 0.002 0.002 
170 UHA-0015    (0)   :  0.013 0.122 0.009 0.003 0.003 0.837 0.004 0.002 0.002 0.003 0.002 
171 UHA-0016   (15)   :  0.003 0.003 0.006 0.003 0.003 0.970 0.002 0.003 0.003 0.003 0.003 
172 UHA-0017    (7)   :  0.009 0.004 0.003 0.031 0.126 0.005 0.009 0.015 0.789 0.004 0.005 
173 UHA-0018    (7)   :  0.007 0.003 0.002 0.065 0.242 0.004 0.003 0.005 0.574 0.031 0.063 
174 UHA-0183    (7)   :  0.003 0.972 0.003 0.002 0.003 0.002 0.003 0.003 0.003 0.002 0.002 
175 UHA-0184    (0)   :  0.002 0.945 0.002 0.003 0.002 0.003 0.032 0.002 0.002 0.003 0.003 
176 UHA-0186    (0)   :  0.006 0.916 0.002 0.028 0.009 0.019 0.003 0.003 0.004 0.005 0.004 
177 UHA-0187    (0)   :  0.004 0.944 0.002 0.007 0.006 0.007 0.003 0.011 0.008 0.005 0.004 
178 UHA-0188    (0)   :  0.005 0.958 0.009 0.002 0.005 0.005 0.002 0.004 0.004 0.003 0.003 
179 UHA-0191    (0)   :  0.006 0.970 0.002 0.003 0.003 0.003 0.003 0.002 0.002 0.003 0.003 
180 UHA-0193    (7)   :  0.013 0.003 0.003 0.006 0.006 0.006 0.002 0.933 0.009 0.010 0.009 
181 UHA-0194   (15)   :  0.042 0.007 0.010 0.009 0.012 0.002 0.054 0.832 0.012 0.007 0.012 
182 UHA-0195   (23)   :  0.005 0.005 0.002 0.005 0.007 0.002 0.004 0.926 0.018 0.020 0.007 
183 UHA-0196    (7)   :  0.164 0.028 0.007 0.004 0.006 0.004 0.076 0.688 0.011 0.004 0.009 
184 UHA-0197   (15)   :  0.006 0.003 0.007 0.004 0.003 0.004 0.002 0.960 0.004 0.003 0.003 
185 UHA-0198    (7)   :  0.008 0.004 0.003 0.014 0.019 0.003 0.027 0.678 0.020 0.192 0.033 
186 UHA-0202    (7)   :  0.078 0.009 0.006 0.018 0.022 0.010 0.142 0.496 0.057 0.130 0.031 
187 UHA-0205    (7)   :  0.005 0.004 0.003 0.006 0.006 0.004 0.003 0.951 0.006 0.009 0.005 
188 UHA-0207    (7)   :  0.003 0.002 0.006 0.007 0.005 0.002 0.002 0.958 0.006 0.003 0.006 
189 UHA-0208    (7)   :  0.013 0.005 0.005 0.096 0.065 0.005 0.003 0.518 0.261 0.020 0.009 
190 UHA-0210    (7)   :  0.127 0.010 0.349 0.088 0.040 0.220 0.014 0.068 0.031 0.033 0.020 
191 UHA-0211    (7)   :  0.971 0.006 0.002 0.003 0.002 0.002 0.002 0.004 0.002 0.003 0.002 
192 UHA-0212   (15)   :  0.972 0.006 0.002 0.003 0.002 0.002 0.002 0.004 0.002 0.002 0.002 
193 UHA-0213    (0)   :  0.003 0.601 0.002 0.003 0.003 0.005 0.365 0.008 0.004 0.004 0.003 
194 UHA-0214    (0)   :  0.012 0.403 0.002 0.004 0.003 0.002 0.555 0.010 0.004 0.003 0.002 
195 UHA-0215    (0)   :  0.016 0.578 0.018 0.021 0.056 0.007 0.004 0.067 0.207 0.015 0.011 
196 UHA-0216   (15)   :  0.017 0.612 0.003 0.059 0.096 0.004 0.006 0.036 0.082 0.033 0.053 
197 UHA-0217    (0)   :  0.055 0.733 0.011 0.009 0.018 0.022 0.010 0.023 0.066 0.020 0.033 
198 UHA-0218    (0)   :  0.005 0.624 0.009 0.015 0.017 0.003 0.010 0.006 0.180 0.011 0.120 
199 UHA-0219   (15)   :  0.008 0.118 0.004 0.514 0.047 0.006 0.006 0.032 0.226 0.030 0.008 
200 UHA-0220    (0)   :  0.089 0.284 0.007 0.023 0.015 0.004 0.007 0.007 0.489 0.010 0.066 
201 UHA-0221    (0)   :  0.017 0.005 0.002 0.005 0.015 0.004 0.003 0.919 0.017 0.006 0.005 
202 UHA-0222    (7)   :  0.015 0.004 0.002 0.005 0.007 0.004 0.003 0.941 0.010 0.004 0.004 
203 UHA-0223    (0)   :  0.005 0.016 0.005 0.012 0.654 0.003 0.006 0.168 0.104 0.008 0.019 
204 UHA-0224    (0)   :  0.003 0.003 0.005 0.003 0.002 0.973 0.002 0.003 0.002 0.003 0.002 
205 UHA-0225    (0)   :  0.029 0.032 0.008 0.016 0.871 0.007 0.004 0.009 0.014 0.005 0.005 
206 UHA-0226    (0)   :  0.004 0.008 0.003 0.050 0.848 0.005 0.009 0.043 0.014 0.006 0.011 
207 UHA-0227    (0)   :  0.005 0.003 0.021 0.012 0.836 0.036 0.002 0.004 0.060 0.008 0.013 
208 UHA-0228    (0)   :  0.002 0.002 0.002 0.009 0.904 0.003 0.002 0.002 0.057 0.009 0.007 
209 UHA-0229    (7)   :  0.009 0.004 0.003 0.032 0.127 0.005 0.009 0.016 0.786 0.004 0.004 
210 UHA-0230    (7)   :  0.106 0.160 0.015 0.101 0.240 0.018 0.010 0.064 0.100 0.127 0.059 
211 UHA-0231    (0)   :  0.009 0.006 0.003 0.020 0.014 0.005 0.004 0.003 0.191 0.735 0.008 
212 UHA-0232    (0)   :  0.007 0.010 0.003 0.016 0.039 0.004 0.005 0.013 0.884 0.006 0.013 
213 UHA-0233    (7)   :  0.062 0.040 0.004 0.055 0.086 0.005 0.005 0.137 0.243 0.344 0.018 
214 UHA-0238    (7)   :  0.025 0.029 0.004 0.404 0.287 0.010 0.005 0.079 0.019 0.020 0.119 
215 UHA-0239    (0)   :  0.069 0.010 0.010 0.221 0.183 0.073 0.003 0.007 0.017 0.085 0.323 
216 UHA-0240    (0)   :  0.014 0.003 0.002 0.303 0.369 0.003 0.005 0.004 0.013 0.012 0.272 
217 UHA-0241    (0)   :  0.004 0.002 0.002 0.451 0.015 0.005 0.003 0.003 0.084 0.421 0.010 
218 UHA-0242    (0)   :  0.004 0.002 0.002 0.605 0.022 0.003 0.003 0.006 0.162 0.171 0.021 
219 UHA-0243    (7)   :  0.003 0.002 0.002 0.029 0.005 0.002 0.003 0.005 0.277 0.052 0.620 
220 UHA-0244    (0)   :  0.011 0.024 0.005 0.041 0.175 0.007 0.005 0.011 0.248 0.315 0.157 
221 UHA-0245    (7)   :  0.027 0.060 0.004 0.009 0.828 0.004 0.005 0.007 0.041 0.008 0.007 
222 UHA-0246    (7)   :  0.010 0.004 0.004 0.054 0.237 0.005 0.004 0.006 0.141 0.525 0.011 
223 UHA-0247    (7)   :  0.011 0.008 0.006 0.150 0.009 0.008 0.005 0.015 0.065 0.040 0.682 
224 UHA-0248    (0)   :  0.895 0.010 0.048 0.004 0.003 0.022 0.004 0.003 0.005 0.003 0.003 
225 UHA-0249    (7)   :  0.950 0.005 0.006 0.003 0.003 0.007 0.002 0.012 0.006 0.003 0.002 
226 UHA-0251    (0)   :  0.898 0.022 0.006 0.007 0.005 0.004 0.008 0.031 0.006 0.008 0.006 
227 UHA-0252    (7)   :  0.306 0.002 0.040 0.005 0.044 0.020 0.209 0.358 0.005 0.005 0.006 
228 UHA-0254    (7)   :  0.663 0.006 0.002 0.006 0.122 0.003 0.137 0.003 0.007 0.045 0.006 
229 UHA-0255    (7)   :  0.765 0.004 0.007 0.011 0.006 0.015 0.041 0.124 0.015 0.006 0.007 
230 UHA-0256   (15)   :  0.082 0.023 0.013 0.007 0.097 0.723 0.007 0.003 0.028 0.008 0.010 
231 UHA-0257    (0)   :  0.003 0.003 0.976 0.002 0.003 0.003 0.002 0.002 0.002 0.002 0.002 
232 UHA-0258    (7)   :  0.004 0.054 0.841 0.011 0.007 0.034 0.006 0.002 0.025 0.009 0.005 
233 UHA-0259    (7)   :  0.007 0.027 0.010 0.008 0.013 0.884 0.005 0.003 0.011 0.006 0.025 
234 UHA-0260    (0)   :  0.002 0.002 0.980 0.002 0.002 0.004 0.001 0.002 0.002 0.002 0.002 
235 UHA-0261    (0)   :  0.003 0.003 0.964 0.002 0.004 0.010 0.002 0.002 0.003 0.004 0.003 
236 UHA-0262    (0)   :  0.003 0.004 0.003 0.002 0.002 0.974 0.002 0.003 0.002 0.002 0.002 
237 UHA-0263    (0)   :  0.003 0.002 0.004 0.002 0.002 0.977 0.002 0.002 0.002 0.002 0.002 
238 UHA-0264    (0)   :  0.003 0.004 0.005 0.003 0.003 0.954 0.002 0.003 0.007 0.012 0.003 
239 UHA-0265    (0)   :  0.003 0.002 0.003 0.004 0.004 0.972 0.002 0.002 0.003 0.004 0.002 
240 UHA-0266    (7)   :  0.003 0.002 0.007 0.003 0.002 0.971 0.002 0.002 0.003 0.003 0.002 
241 UHA-0267    (0)   :  0.002 0.002 0.003 0.002 0.002 0.978 0.002 0.002 0.002 0.002 0.002 
242 UHA-0273    (7)   :  0.370 0.013 0.031 0.007 0.021 0.015 0.009 0.510 0.010 0.005 0.010 
243 UHA-0282    (0)   :  0.005 0.004 0.004 0.015 0.077 0.002 0.003 0.006 0.576 0.251 0.058 
244 UHA-0283    (7)   :  0.005 0.964 0.002 0.005 0.004 0.004 0.005 0.003 0.003 0.003 0.003 
245 UHA-0284    (0)   :  0.004 0.003 0.006 0.015 0.850 0.005 0.003 0.011 0.069 0.009 0.024 
246 UHA-0285    (0)   :  0.003 0.974 0.002 0.002 0.002 0.002 0.003 0.003 0.003 0.003 0.002 
247 UHA-0286    (0)   :  0.007 0.519 0.006 0.004 0.013 0.003 0.257 0.003 0.010 0.026 0.153 
248 UHA-0287   (23)   :  0.015 0.949 0.002 0.003 0.005 0.002 0.007 0.006 0.004 0.003 0.003 
249 UHA-0288    (7)   :  0.020 0.006 0.023 0.197 0.565 0.036 0.004 0.005 0.080 0.023 0.041 
250 UHA-0289    (7)   :  0.006 0.005 0.002 0.244 0.014 0.003 0.031 0.003 0.056 0.611 0.026 
251 UHA-0294    (7)   :  0.010 0.004 0.004 0.012 0.010 0.005 0.008 0.011 0.012 0.913 0.010 
252 UHA-0295   (15)   :  0.011 0.013 0.007 0.009 0.027 0.010 0.004 0.043 0.384 0.263 0.228 
253 UHA-0299    (0)   :  0.005 0.003 0.004 0.051 0.012 0.006 0.002 0.004 0.058 0.317 0.538 
254 UHA-0300    (0)   :  0.024 0.926 0.002 0.007 0.004 0.002 0.009 0.015 0.005 0.003 0.003 
255 UHA-0301    (0)   :  0.003 0.002 0.002 0.972 0.004 0.003 0.002 0.002 0.004 0.004 0.003 
256 UHA-0302    (7)   :  0.003 0.004 0.003 0.284 0.124 0.008 0.004 0.006 0.545 0.007 0.012 
257 UHA-0303    (0)   :  0.006 0.014 0.006 0.826 0.026 0.007 0.004 0.011 0.075 0.018 0.007 
258 UHA-0304    (0)   :  0.032 0.009 0.005 0.014 0.545 0.003 0.023 0.003 0.264 0.009 0.093 
259 UHA-0305    (7)   :  0.006 0.002 0.002 0.947 0.006 0.002 0.003 0.003 0.015 0.008 0.005 
260 UHA-0306   (15)   :  0.010 0.002 0.007 0.828 0.070 0.004 0.003 0.006 0.009 0.045 0.014 
261 UHA-0307    (0)   :  0.004 0.003 0.005 0.004 0.004 0.003 0.004 0.004 0.011 0.009 0.951 
262 UHA-0308   (15)   :  0.003 0.004 0.002 0.954 0.004 0.003 0.003 0.006 0.012 0.003 0.005 
263 UHA-0309    (0)   :  0.006 0.004 0.002 0.004 0.014 0.002 0.006 0.004 0.007 0.007 0.945 
264 UHA-0310    (0)   :  0.007 0.002 0.003 0.022 0.011 0.002 0.008 0.014 0.064 0.074 0.793 
265 UHA-0311    (0)   :  0.004 0.961 0.002 0.002 0.003 0.002 0.003 0.005 0.005 0.011 0.003 
266 UHA-0312    (7)   :  0.005 0.012 0.005 0.799 0.018 0.003 0.004 0.007 0.011 0.005 0.132 
267 UHA-0313    (0)   :  0.009 0.016 0.004 0.541 0.044 0.002 0.005 0.005 0.019 0.013 0.341 
268 UHA-0314   (23)   :  0.009 0.942 0.009 0.003 0.004 0.007 0.007 0.004 0.003 0.008 0.004 
269 UHA-0316    (0)   :  0.009 0.004 0.010 0.009 0.028 0.006 0.003 0.006 0.015 0.053 0.856 
270 UHA-0317    (7)   :  0.008 0.017 0.058 0.006 0.013 0.007 0.012 0.006 0.217 0.513 0.144 
271 UHA-0318    (7)   :  0.008 0.003 0.004 0.027 0.114 0.003 0.004 0.005 0.410 0.013 0.410 
272 UHA-0319    (0)   :  0.002 0.968 0.002 0.002 0.002 0.002 0.003 0.005 0.003 0.005 0.004 
273 UHA-0320    (0)   :  0.004 0.906 0.004 0.006 0.003 0.056 0.005 0.004 0.003 0.005 0.003 
274 UHA-0321    (7)   :  0.039 0.003 0.004 0.710 0.115 0.005 0.002 0.006 0.098 0.007 0.012 
275 UHA-0322    (0)   :  0.004 0.007 0.004 0.008 0.013 0.006 0.005 0.011 0.008 0.005 0.928 
276 UHA-0323    (0)   :  0.009 0.902 0.003 0.010 0.008 0.003 0.008 0.021 0.019 0.011 0.006 
277 UHA-0324    (7)   :  0.006 0.942 0.005 0.003 0.005 0.015 0.006 0.003 0.003 0.006 0.006 
278 UHA-0325    (0)   :  0.005 0.961 0.007 0.002 0.004 0.003 0.004 0.005 0.003 0.003 0.003 
279 UHA-0326    (0)   :  0.003 0.943 0.002 0.007 0.010 0.004 0.003 0.003 0.006 0.010 0.009 
280 UHA-0327    (7)   :  0.004 0.965 0.003 0.003 0.003 0.004 0.004 0.003 0.003 0.004 0.005 
281 UHA-0329    (0)   :  0.034 0.005 0.002 0.302 0.027 0.003 0.006 0.017 0.554 0.017 0.034 
282 UHA-0330    (0)   :  0.024 0.006 0.004 0.207 0.253 0.002 0.008 0.006 0.420 0.037 0.031 
283 UHA-0331   (23)   :  0.007 0.947 0.004 0.003 0.005 0.006 0.010 0.004 0.005 0.004 0.005 
284 UHA-0332    (0)   :  0.004 0.002 0.003 0.005 0.006 0.004 0.002 0.006 0.012 0.893 0.062 
285 UHA-0333    (0)   :  0.006 0.966 0.002 0.003 0.004 0.002 0.003 0.003 0.004 0.003 0.004 
286 UHA-0334    (0)   :  0.012 0.940 0.005 0.004 0.008 0.002 0.010 0.004 0.008 0.004 0.004 
287 UHA-0335   (15)   :  0.010 0.004 0.003 0.252 0.194 0.003 0.004 0.007 0.485 0.015 0.024 
288 UHA-0337    (0)   :  0.006 0.004 0.003 0.020 0.057 0.005 0.005 0.033 0.494 0.018 0.354 
289 UHA-0338    (7)   :  0.114 0.788 0.006 0.006 0.008 0.005 0.012 0.004 0.022 0.008 0.027 
290 UHA-0339    (0)   :  0.009 0.876 0.003 0.019 0.045 0.002 0.012 0.006 0.020 0.004 0.004 
291 UHA-0340    (0)   :  0.049 0.005 0.010 0.018 0.016 0.009 0.005 0.068 0.752 0.051 0.018 
292 UHA-0343    (0)   :  0.007 0.517 0.006 0.004 0.013 0.003 0.256 0.003 0.011 0.027 0.152 
293 UHA-0345    (0)   :  0.006 0.002 0.002 0.116 0.008 0.014 0.006 0.003 0.024 0.808 0.011 
294 UHA-0346    (7)   :  0.021 0.015 0.003 0.050 0.097 0.002 0.011 0.009 0.452 0.295 0.045 
295 UHA-0347    (7)   :  0.012 0.003 0.003 0.129 0.336 0.022 0.004 0.007 0.076 0.076 0.332 
296 UHA-0348    (0)   :  0.003 0.003 0.004 0.006 0.005 0.003 0.003 0.016 0.358 0.018 0.580 
297 UHA-0349   (23)   :  0.004 0.003 0.006 0.071 0.011 0.005 0.008 0.006 0.131 0.270 0.485 
298 UHA-0350    (0)   :  0.003 0.969 0.003 0.003 0.003 0.004 0.003 0.002 0.003 0.004 0.004 
299 UHA-0354    (0)   :  0.118 0.018 0.005 0.057 0.012 0.005 0.006 0.185 0.157 0.031 0.406 
300 UHA-0352    (7)   :  0.004 0.004 0.002 0.008 0.017 0.002 0.004 0.007 0.494 0.404 0.054 
301 UHA-0353    (7)   :  0.005 0.006 0.002 0.235 0.031 0.004 0.029 0.024 0.161 0.067 0.436 
302 UHA-0172    (0)   :  0.003 0.002 0.002 0.004 0.004 0.002 0.004 0.961 0.006 0.007 0.006 
303 UHA-0174    (0)   :  0.037 0.013 0.009 0.020 0.025 0.008 0.035 0.197 0.095 0.169 0.393 
304 UHA-0175    (0)   :  0.032 0.003 0.006 0.371 0.083 0.009 0.003 0.013 0.177 0.228 0.075 
305 UHA-0176    (0)   :  0.003 0.961 0.005 0.003 0.005 0.009 0.002 0.005 0.003 0.002 0.003 
306 UHA-0177    (7)   :  0.081 0.007 0.010 0.064 0.530 0.006 0.027 0.007 0.098 0.030 0.140 
307 UHA-0178    (0)   :  0.003 0.956 0.003 0.005 0.005 0.010 0.003 0.007 0.004 0.002 0.004 
308 UHA-0179    (7)   :  0.215 0.015 0.002 0.008 0.019 0.004 0.004 0.710 0.006 0.008 0.008 
309 UHA-0189    (0)   :  0.006 0.958 0.009 0.002 0.003 0.006 0.002 0.004 0.004 0.003 0.004 
310 UHA-0190    (0)   :  0.006 0.963 0.004 0.003 0.002 0.003 0.004 0.005 0.004 0.002 0.003 
311 UHA-0199    (7)   :  0.008 0.008 0.004 0.011 0.008 0.004 0.030 0.896 0.012 0.009 0.009 
312 UHA-0276    (0)   :  0.008 0.006 0.002 0.002 0.003 0.002 0.959 0.007 0.004 0.003 0.004 
313 UHA-0277    (7)   :  0.004 0.023 0.002 0.004 0.005 0.002 0.945 0.003 0.003 0.007 0.003 
314 UHA-0203    (7)   :  0.004 0.003 0.002 0.002 0.004 0.002 0.003 0.974 0.002 0.002 0.002 
315 UHA-0204    (0)   :  0.004 0.004 0.002 0.005 0.004 0.005 0.003 0.957 0.007 0.004 0.005 
316 UHA-0234    (0)   :  0.004 0.007 0.003 0.026 0.019 0.003 0.005 0.014 0.726 0.091 0.102 
317 UHA-0235    (0)   :  0.009 0.004 0.004 0.015 0.005 0.005 0.004 0.041 0.166 0.721 0.027 
318 UHA-0236    (0)   :  0.033 0.093 0.003 0.032 0.028 0.012 0.023 0.543 0.138 0.019 0.076 
319 UHA-0268    (0)   :  0.053 0.004 0.367 0.067 0.006 0.377 0.019 0.004 0.075 0.022 0.007 
320 UHA-0269    (0)   :  0.818 0.008 0.023 0.005 0.006 0.057 0.047 0.003 0.007 0.005 0.020 
321 UHA-0270    (7)   :  0.069 0.203 0.081 0.033 0.021 0.172 0.016 0.006 0.344 0.011 0.045 
322 UHA-0271    (0)   :  0.030 0.355 0.107 0.021 0.050 0.334 0.008 0.020 0.057 0.011 0.008 
323 UHA-0272    (0)   :  0.014 0.007 0.568 0.011 0.015 0.007 0.003 0.018 0.319 0.004 0.035 
324 UHA-0355    (7)   :  0.014 0.003 0.003 0.129 0.057 0.002 0.030 0.012 0.572 0.094 0.084 
325 UHA-0356    (0)   :  0.012 0.003 0.023 0.008 0.004 0.051 0.003 0.007 0.173 0.135 0.581 
326 UHA-0357    (0)   :  0.004 0.010 0.005 0.010 0.077 0.002 0.020 0.004 0.788 0.007 0.073 
327 UHA-0358    (0)   :  0.009 0.003 0.003 0.111 0.042 0.016 0.003 0.007 0.762 0.029 0.017 
328 UHA-0359    (0)   :  0.011 0.029 0.004 0.023 0.043 0.013 0.069 0.009 0.025 0.059 0.715 
329 UHA-0361   (23)   :  0.004 0.009 0.012 0.006 0.030 0.004 0.014 0.007 0.016 0.133 0.764 
330 UHA-0362    (0)   :  0.004 0.009 0.012 0.274 0.009 0.007 0.004 0.005 0.215 0.199 0.263 
331 UHA-0363   (15)   :  0.006 0.004 0.004 0.030 0.011 0.004 0.003 0.019 0.752 0.015 0.151 
332 UHA-0379    (0)   :  0.003 0.860 0.037 0.002 0.003 0.082 0.003 0.003 0.002 0.002 0.003 
333 UHA-0365    (0)   :  0.002 0.003 0.004 0.005 0.007 0.002 0.003 0.004 0.011 0.005 0.954 
334 UHA-0366    (0)   :  0.046 0.005 0.010 0.017 0.045 0.018 0.005 0.008 0.014 0.007 0.823 
335 UHA-0367    (0)   :  0.005 0.889 0.005 0.005 0.042 0.005 0.020 0.007 0.006 0.008 0.007 
336 UHA-0368    (0)   :  0.011 0.961 0.004 0.003 0.003 0.002 0.003 0.005 0.004 0.002 0.003 
337 UHA-0369    (0)   :  0.003 0.978 0.002 0.002 0.002 0.003 0.002 0.002 0.002 0.002 0.002 
338 UHA-0370    (7)   :  0.008 0.937 0.003 0.004 0.008 0.003 0.004 0.011 0.009 0.004 0.009 
339 UHA-0371    (7)   :  0.008 0.843 0.103 0.012 0.004 0.006 0.006 0.002 0.007 0.004 0.005 
340 UHA-0372    (7)   :  0.004 0.004 0.008 0.008 0.046 0.015 0.004 0.018 0.022 0.013 0.856 
341 UHA-0373   (15)   :  0.020 0.003 0.002 0.035 0.012 0.002 0.005 0.003 0.020 0.884 0.013 
342 UHA-0374    (0)   :  0.122 0.004 0.002 0.102 0.144 0.005 0.013 0.089 0.031 0.188 0.300 
343 UHA-0375    (0)   :  0.007 0.004 0.004 0.009 0.015 0.004 0.003 0.007 0.004 0.935 0.007 
344 UHA-0376    (0)   :  0.005 0.003 0.002 0.831 0.012 0.003 0.003 0.018 0.056 0.052 0.016 
345 UHA-0377    (0)   :  0.004 0.973 0.002 0.002 0.002 0.003 0.003 0.003 0.003 0.003 0.003 
346 UHA-0378    (0)   :  0.003 0.966 0.004 0.004 0.002 0.004 0.003 0.003 0.002 0.004 0.003 
347 UHA-0380    (7)   :  0.021 0.900 0.004 0.008 0.030 0.007 0.004 0.004 0.006 0.006 0.011 
348 UHA-0381    (0)   :  0.029 0.937 0.002 0.003 0.006 0.003 0.004 0.004 0.006 0.004 0.004 
349 UHA-0382    (0)   :  0.008 0.959 0.003 0.003 0.003 0.002 0.005 0.009 0.002 0.003 0.003 
350 UHA-0383   (15)   :  0.011 0.868 0.009 0.008 0.010 0.003 0.012 0.058 0.013 0.003 0.006 
351 UHA-0384    (7)   :  0.006 0.935 0.002 0.009 0.010 0.003 0.004 0.002 0.008 0.011 0.009 
352 UHA-0385    (0)   :  0.005 0.933 0.002 0.003 0.033 0.002 0.003 0.003 0.007 0.004 0.005 
353 UHA-0386    (7)   :  0.003 0.977 0.002 0.002 0.003 0.002 0.002 0.002 0.002 0.002 0.002 
354 UHA-0387    (0)   :  0.003 0.957 0.002 0.004 0.011 0.002 0.003 0.002 0.005 0.004 0.007 
355 UHA-0388    (0)   :  0.004 0.958 0.004 0.005 0.005 0.006 0.002 0.002 0.004 0.004 0.006 
356 UHA-0389    (7)   :  0.003 0.945 0.003 0.005 0.009 0.003 0.005 0.005 0.005 0.013 0.005 
357 UHA-0390    (0)   :  0.002 0.974 0.003 0.003 0.003 0.003 0.002 0.002 0.002 0.003 0.002 
358 UHA-0391    (0)   :  0.012 0.850 0.004 0.004 0.004 0.004 0.104 0.003 0.003 0.006 0.007 
359 UHA-0392    (0)   :  0.003 0.873 0.036 0.002 0.003 0.069 0.003 0.003 0.002 0.002 0.003 
360 UHA-0393    (0)   :  0.008 0.950 0.005 0.004 0.004 0.005 0.008 0.003 0.006 0.003 0.004 
361 UHA-0394    (0)   :  0.015 0.889 0.002 0.008 0.021 0.002 0.005 0.008 0.032 0.005 0.013 
362 UHA-0395    (7)   :  0.005 0.009 0.003 0.016 0.918 0.007 0.006 0.004 0.012 0.013 0.008 
363 UHA-0396    (0)   :  0.005 0.004 0.003 0.018 0.912 0.003 0.006 0.004 0.010 0.030 0.006 
364 UHA-0397    (7)   :  0.006 0.014 0.003 0.134 0.502 0.008 0.010 0.033 0.009 0.024 0.257 
365 UHA-0398    (0)   :  0.497 0.005 0.014 0.095 0.163 0.030 0.004 0.008 0.055 0.058 0.072 
366 UHA-0399    (7)   :  0.008 0.005 0.003 0.019 0.086 0.003 0.003 0.005 0.847 0.011 0.012 
367 UHA-0400    (0)   :  0.002 0.002 0.004 0.011 0.009 0.003 0.004 0.003 0.012 0.046 0.904 
368 UHA-0401   (15)   :  0.010 0.011 0.005 0.010 0.178 0.004 0.009 0.005 0.598 0.157 0.013 
369 UHA-0402   (23)   :  0.008 0.008 0.004 0.082 0.247 0.003 0.004 0.005 0.389 0.021 0.228 
370 UHA-0404    (0)   :  0.005 0.931 0.003 0.011 0.014 0.012 0.003 0.003 0.012 0.003 0.003 
371 UHA-0405    (0)   :  0.008 0.024 0.005 0.019 0.524 0.003 0.011 0.013 0.320 0.042 0.031 
372 UHA-0406    (0)   :  0.002 0.002 0.002 0.010 0.007 0.003 0.003 0.003 0.071 0.891 0.006 
373 UHA-0407    (0)   :  0.004 0.003 0.005 0.092 0.350 0.002 0.005 0.003 0.095 0.035 0.405 
374 UHA-0408    (0)   :  0.003 0.972 0.002 0.003 0.004 0.002 0.003 0.002 0.003 0.002 0.003 
375 UHA-0409    (0)   :  0.004 0.002 0.019 0.020 0.152 0.005 0.003 0.003 0.647 0.040 0.106 
376 UHA-0410    (0)   :  0.006 0.933 0.002 0.028 0.003 0.002 0.004 0.003 0.003 0.005 0.011 
377 UHA-0411    (7)   :  0.004 0.002 0.004 0.032 0.147 0.002 0.003 0.006 0.720 0.016 0.065 
378 UHA-0412    (0)   :  0.006 0.933 0.002 0.029 0.002 0.003 0.004 0.003 0.004 0.005 0.011 
379 UHA-0413    (0)   :  0.007 0.036 0.002 0.015 0.014 0.012 0.003 0.004 0.168 0.732 0.006 
380 UHA-0414    (0)   :  0.003 0.966 0.002 0.003 0.003 0.002 0.002 0.004 0.007 0.003 0.004 
381 UHA-0415    (0)   :  0.003 0.973 0.002 0.003 0.004 0.002 0.003 0.003 0.003 0.003 0.003 
382 UHA-0416    (0)   :  0.008 0.946 0.003 0.005 0.006 0.004 0.012 0.002 0.005 0.005 0.004 
383 UHA-0417    (0)   :  0.009 0.800 0.096 0.011 0.004 0.060 0.003 0.003 0.005 0.005 0.005 
384 UHA-0418    (0)   :  0.003 0.977 0.002 0.002 0.002 0.003 0.002 0.003 0.002 0.002 0.002 
385 UHA-0419    (0)   :  0.004 0.967 0.002 0.005 0.002 0.002 0.003 0.004 0.003 0.003 0.003 
386 UHA-0420    (0)   :  0.003 0.002 0.003 0.021 0.028 0.004 0.006 0.003 0.156 0.732 0.041 
387 UHA-0421    (0)   :  0.011 0.014 0.004 0.014 0.006 0.011 0.012 0.005 0.082 0.011 0.830 
388 UHA-0422    (0)   :  0.011 0.781 0.009 0.027 0.037 0.004 0.021 0.004 0.020 0.028 0.057 
389 UHA-0423    (0)   :  0.003 0.953 0.003 0.006 0.005 0.003 0.009 0.003 0.006 0.004 0.005 
390 UHA-0424    (0)   :  0.008 0.015 0.002 0.312 0.166 0.005 0.009 0.061 0.224 0.035 0.163 
391 UHA-0425    (0)   :  0.006 0.002 0.017 0.008 0.005 0.024 0.002 0.003 0.190 0.126 0.617 
392 UHA-0461    (0)   :  0.019 0.008 0.007 0.751 0.020 0.006 0.003 0.020 0.105 0.020 0.040 
393 UHA-0462    (7)   :  0.004 0.003 0.003 0.669 0.106 0.009 0.004 0.004 0.100 0.090 0.008 
394 UHA-0463    (7)   :  0.002 0.002 0.002 0.004 0.006 0.002 0.002 0.003 0.005 0.963 0.008 
395 UHA-0464    (0)   :  0.003 0.003 0.003 0.004 0.009 0.004 0.002 0.003 0.007 0.953 0.010 
396 UHA-0465    (0)   :  0.006 0.003 0.023 0.024 0.014 0.054 0.002 0.004 0.018 0.833 0.016 
397 UHA-0466    (0)   :  0.004 0.003 0.002 0.079 0.026 0.002 0.003 0.014 0.692 0.030 0.144 
